dict_keys(['Arial/Normal/11.04px', 'Arial/Normal/6px', 'Arial/Bold/14.04px', 'Arial/Normal/12px', 'Arial/Bold/6.96px', 'Arial/Normal/5.04px', 'Arial/Bold/12px', 'Arial/Bold/9.96px', 'Arial/Normal/6.48px', 'Arial/Normal/6.96px', 'Arial/Bold/5.04px', 'Arial/Normal/8.04px', 'Arial/Normal/4.56px', 'Wingdings/Normal/14.04px', 'MSGothic/Normal/15px', 'Arial/Normal/3.96px', 'Arial/Bold/6px', 'Arial/Bold/8.04px', 'Arial/Normal/9.96px', 'Arial/Normal/9px', 'Arial/Bold/6.48px', 'MSGothic/Normal/5.04px', 'SegoeUISymbol/Normal/15px', 'Arial/Bold/9px', 'Arial/Bold/12.96px', 'TimesNewRoman/Bold/3px', 'Arial/Normal/3px', 'SegoeUISymbol/Normal/6.96px', 'Calibri/Normal/6.96px', 'Arial/Bold/4.56px', 'MSGothic/Normal/6.96px', 'Helvetica/Normal/11.04px', 'Helvetica/Normal/6px', 'Helvetica/Bold/6px', 'Helvetica/Bold/14.04px', 'Helvetica/Normal/5.04px', 'Helvetica/Normal/12px', 'Helvetica/Bold/6.96px', 'Helvetica/Bold/12px', 'Helvetica/Normal/8.04px', 'Helvetica/Normal/6.96px', 'Helvetica/Bold/3.96px', 'Helvetica/Normal/3.96px', 'Helvetica/Bold/8.04px', 'CourierNew/Normal/5.04px', 'Arial/Normal/12.0012px', 'Arial/Bold/6.9607px', 'Arial/Bold/12.0012px', 'Arial/Normal/6.9607px', 'Arial/Bold/6.0006px', 'CourierNew/Normal/5.0405px', 'Arial/Normal/5.0405px', 'Arial/Bold/8.0408px', 'Arial/Normal/8.0408px', 'Helvetica/Bold/12.96px', 'Helvetica/Bold/9.96px', 'Helvetica/Bold/9px', 'CourierNew/Bold/5.04px', 'Wingdings/Normal/14.0414px', 'Arial/Normal/6.0006px', 'Helvetica/Bold/5.04px', 'Arial/Bold/13.92px', 'Arial/Normal/10.08px', 'Arial/Normal/7.92px', 'Wingdings/Normal/13.92px', 'MSGothic/Normal/15.12px', 'Arial/Bold/7.92px', 'Helvetica/Normal/4.56px', 'Helvetica/Normal/6.48px', 'Helvetica/Normal/9.96px', 'CourierNew/Bold/5.0405px', 'Arial/Normal/9.12px', 'Helvetica/Bold/6.48px', 'Helvetica/Normal/9px', 'Arial/Normal/7.56px'])
 ;2.9842494234374968;64;2.513495452770224;2202;0;0;3.3168145175702755;1992;1.974253200152468;24924;0;0;3.36573211647237;1973;2.754340106153847;65;2.1187263672469463;1551;2.1733932144874313;24359;0;0;2.356856807915879;5230;1.3358818272727264;11;0;0;0;0;0;0;1.672461481751827;548;2.4883613390697676;215;2.7211146150537666;93;2.4126807999999973;92;1.8074574071428557;14;0;0;0;0;2.431086575000002;8;0;0;0;0;0;0;0;0;0;0;0;0;0;0;0;0;3.1823919433735;830;1.6774117249056533;265;0;0;0;0;3.304792573275864;464;3.92166192465147;8608;3.4431427571194786;611;2.508749084556755;2493;2.007888488271754;3871;0;0;0;0;2.1904590432432434;74;0;0;3.3603347368421055;19;1.9121575863013696;292;3.271903602631584;38;1.9161691810526302;95;0;0;0;0;0;0;0;0;2.2681758708333333;24;0;0;2.7616968166666664;84;2.521446600000003;10;0;0;0;0;0;0;0;0;0;0;2.7588726302325575;43;2.4834167691756317;558;0;0;0;0;0;0;0;0;2.259839924897953;980;2.691307724137931;87;0;0;2.4993864000000037;18;1.8014399;6;2.408433294117641;51;2.0412786666666753;48
!;0;0;0;0;0;0;0;0;0;0;0;0;0;0;0;0;0;0;0;0;0;0;0;0;0;0;0;0;0;0;0;0;0;0;0;0;0;0;0;0;0;0;0;0;0;0;0;0;0;0;0;0;0;0;0;0;0;0;0;0;0;0;0;0;0;0;0;0;0;0;0;0;0;0;0;0;0;0;0;0;0;0;0;0;0;0;0;0;0;0;0;0;0;0;0;0;0;0;0;0;0;0;0;0;0;0;0;0;0;0;0;0;0;0;0;0;0;0;0;0;0;0;0;0;0;0;0;0;0;0;0;0;0;0;0;0;0;0;0;0;0;0;0;0;0;0;0;0;0;0
";0;0;0;0;0;0;0;0;0;0;0;0;0;0;0;0;0;0;0;0;0;0;2.7726124000000025;5;0;0;0;0;0;0;0;0;0;0;0;0;0;0;0;0;0;0;0;0;0;0;0;0;0;0;0;0;0;0;0;0;0;0;0;0;0;0;0;0;0;0;0;0;0;0;0;0;0;0;0;0;0;0;2.8816819;6;0;0;0;0;0;0;0;0;0;0;0;0;0;0;0;0;0;0;0;0;0;0;0;0;0;0;0;0;0;0;0;0;0;0;0;0;0;0;0;0;0;0;0;0;0;0;0;0;0;0;0;0;0;0;0;0;0;0;0;0;0;0;0;0;0;0;0;0;0;0
#;0;0;0;0;0;0;0;0;0;0;0;0;0;0;0;0;0;0;0;0;0;0;0;0;0;0;0;0;0;0;0;0;0;0;0;0;0;0;0;0;0;0;0;0;0;0;0;0;0;0;0;0;0;0;0;0;0;0;0;0;0;0;0;0;0;0;0;0;0;0;0;0;0;0;0;0;0;0;0;0;0;0;0;0;0;0;0;0;0;0;0;0;0;0;0;0;0;0;0;0;0;0;0;0;0;0;0;0;0;0;0;0;0;0;0;0;0;0;0;0;0;0;0;0;0;0;0;0;0;0;0;0;0;0;0;0;0;0;0;0;0;0;0;0;0;0;0;0;0;0
$;0;0;0;0;0;0;0;0;0;0;0;0;0;0;0;0;0;0;0;0;0;0;0;0;0;0;0;0;0;0;0;0;0;0;0;0;0;0;0;0;0;0;0;0;0;0;0;0;0;0;0;0;0;0;0;0;0;0;0;0;0;0;0;0;0;0;0;0;0;0;0;0;0;0;0;0;0;0;0;0;0;0;0;0;0;0;0;0;0;0;0;0;0;0;0;0;0;0;0;0;0;0;0;0;0;0;0;0;0;0;0;0;0;0;0;0;0;0;0;0;0;0;0;0;0;0;0;0;0;0;0;0;0;0;0;0;0;0;0;0;0;0;0;0;0;0;0;0;0;0
%;0;0;0;0;0;0;0;0;6.108931519999999;25;0;0;0;0;0;0;5.579280999999998;2;6.198661111842105;76;0;0;7.0832403;1;0;0;0;0;0;0;0;0;0;0;0;0;0;0;0;0;0;0;0;0;0;0;0;0;0;0;0;0;0;0;0;0;0;0;0;0;0;0;0;0;0;0;0;0;0;0;0;0;0;0;6.1579983571428585;7;0;0;0;0;6.183737349999998;16;0;0;0;0;0;0;0;0;0;0;0;0;0;0;0;0;0;0;0;0;0;0;0;0;0;0;0;0;0;0;0;0;0;0;0;0;0;0;0;0;0;0;0;0;0;0;0;0;0;0;0;0;0;0;0;0;0;0;0;0;0;0;0;0;0;0;0;0
&;0;0;0;0;0;0;0;0;0;0;0;0;0;0;0;0;0;0;0;0;0;0;0;0;0;0;0;0;0;0;0;0;0;0;0;0;0;0;0;0;0;0;0;0;0;0;0;0;0;0;0;0;0;0;0;0;0;0;0;0;0;0;0;0;0;0;0;0;0;0;0;0;0;0;0;0;0;0;0;0;0;0;0;0;0;0;0;0;0;0;0;0;0;0;0;0;0;0;0;0;0;0;0;0;0;0;0;0;0;0;0;0;0;0;0;0;0;0;0;0;0;0;0;0;0;0;0;0;0;0;0;0;0;0;0;0;0;0;0;0;0;0;0;0;0;0;0;0;0;0
';0;0;0;0;0;0;0;0;0;0;0;0;0;0;0;0;0;0;0;0;0;0;0;0;0;0;0;0;0;0;0;0;0;0;0;0;0;0;0;0;0;0;0;0;0;0;0;0;0;0;0;0;0;0;0;0;0;0;0;0;0;0;0;0;0;0;0;0;0;0;0;0;0;0;0;0;0;0;0;0;0;0;0;0;0;0;0;0;0;0;0;0;0;0;0;0;0;0;0;0;0;0;0;0;0;0;0;0;0;0;0;0;0;0;0;0;0;0;0;0;0;0;0;0;0;0;0;0;0;0;0;0;0;0;0;0;0;0;0;0;0;0;0;0;0;0;0;0;0;0
(;3.35617000000002;2;2.006335700900898;111;0;0;3.9854199209876584;81;2.293093250184507;271;1.68153077755102;49;4.046879781249995;64;3.3664799999999957;2;2.0489006565217425;23;2.3170905720000055;525;0;0;2.624491530701752;114;1.5549599999999997;8;0;0;0;0;0;0;2.0100005428571412;14;2.6424766666666435;3;0;0;0;0;2.1591360600000007;10;0;0;0;0;0;0;0;0;0;0;0;0;2.1506399999999997;8;0;0;0;0;0;0;0;0;1.9988898647058824;34;2.0412700000000004;12;0;0;1.6810786200000005;10;3.96233815384615;13;2.305584358064518;124;4.082414750000004;12;2.6124197181818167;33;2.287699751879697;133;0;0;0;0;0;0;0;0;0;0;2.2831086666666756;3;0;0;2.2594418800000007;5;0;0;0;0;0;0;0;0;0;0;0;0;3.3620300000000043;4;0;0;0;0;0;0;0;0;0;0;0;0;0;0;2.6928537230769183;13;0;0;0;0;0;0;0;0;2.113212239999997;10;0;0;0;0;0;0;2.1612403;6;0;0;2.4014800000000207;2
);0;0;0;0;0;0;3.9973876516128937;31;2.3120461999999997;165;1.6795799000000002;4;3.9700312272727443;22;3.3664750000000083;2;2.0461448703703704;27;2.2704025179856075;278;0;0;2.615878195061728;81;0;0;0;0;0;0;0;0;2.005499166666666;12;2.6451555000000013;2;0;0;0;0;0;0;0;0;0;0;0;0;0;0;0;0;0;0;2.1506397499999994;8;0;0;0;0;0;0;0;0;0;0;2.0412677500000016;12;0;0;1.681080833333333;3;3.934626923076912;13;2.3289604339622647;106;3.96234499999999;12;2.6188243999999985;37;2.2888100876288684;97;0;0;0;0;0;0;0;0;0;0;2.2831104999999994;2;0;0;2.2831040000000087;3;0;0;0;0;0;0;0;0;2.6454243;1;0;0;3.362060000000014;4;0;0;0;0;0;0;0;0;0;0;0;0;0;0;2.7878388909090863;11;0;0;0;0;0;0;0;0;2.1612397153846135;13;0;0;0;0;0;0;2.281306999999998;6;0;0;2.4014899999999955;2
*;0;0;0;0;0;0;0;0;0;0;0;0;0;0;0;0;0;0;0;0;0;0;0;0;0;0;0;0;0;0;0;0;0;0;0;0;0;0;0;0;0;0;0;0;0;0;0;0;0;0;0;0;0;0;0;0;0;0;0;0;0;0;0;0;0;0;0;0;0;0;0;0;0;0;0;0;0;0;0;0;0;0;0;0;0;0;0;0;0;0;0;0;0;0;0;0;0;0;0;0;0;0;0;0;0;0;0;0;0;0;0;0;0;0;0;0;0;0;0;0;0;0;0;0;0;0;0;0;0;0;0;0;0;0;0;0;0;0;0;0;0;0;0;0;0;0;0;0;0;0
+;0;0;0;0;0;0;0;0;0;0;0;0;0;0;0;0;0;0;0;0;0;0;0;0;0;0;0;0;0;0;0;0;0;0;0;0;0;0;0;0;0;0;0;0;0;0;0;0;0;0;0;0;0;0;0;0;0;0;0;0;0;0;0;0;0;0;0;0;0;0;0;0;0;0;0;0;0;0;0;0;0;0;0;0;0;0;0;0;0;0;0;0;0;0;0;0;0;0;0;0;0;0;0;0;0;0;0;0;0;0;0;0;0;0;0;0;0;0;0;0;0;0;0;0;0;0;0;0;0;0;0;0;0;0;0;0;0;0;0;0;0;0;0;0;0;0;0;0;0;0
,;0;0;1.6707674423597756;517;0;0;3.2988151259259264;27;1.9275251299802694;1014;0;0;3.328186054687499;64;0;0;1.7463699750000017;144;1.9156996463733647;1682;0;0;2.2284941296577907;263;1.31998;1;0;0;0;0;0;0;0;0;2.317858687500003;16;0;0;2.305798399999992;5;0;0;0;0;0;0;2.5214300000000094;1;0;0;0;0;0;0;0;0;0;0;0;0;0;0;0;0;1.6710280659420262;276;0;0;0;0;0;0;3.3619700000000137;1;1.9268741613756613;378;3.361973000000002;14;2.2413058292682924;123;1.9081242083140901;433;0;0;0;0;2.1612533363636417;11;0;0;0;0;1.9211550000000035;6;0;0;1.9211560000000034;4;0;0;0;0;0;0;0;0;2.283590000000004;1;0;0;0;0;2.5214496;2;0;0;0;0;0;0;0;0;0;0;0;0;2.235885836;25;0;0;0;0;0;0;0;0;1.7457788666666683;93;0;0;0;0;2.3985600000000034;1;0;0;2.2812959999999998;6;0;0
-;0;0;0;0;4.6867545306122524;49;3.96;1;2.2637097794117658;68;0;0;3.960010000000011;2;3.3664801;1;0;0;2.263032657894737;114;0;0;2.562122717391303;46;0;0;0;0;0;0;0;0;0;0;0;0;0;0;3.0017100000000028;2;0;0;0;0;0;0;0;0;4.32864;1;0;0;0;0;0;0;0;0;0;0;0;0;0;0;0;0;0;0;4.682644727272727;33;0;0;3.9623363;2;2.306525370967743;62;0;0;2.546743893421059;76;2.282342804000001;125;0;0;0;0;2.6415277;2;0;0;0;0;2.2831052499999984;8;0;0;2.164776;2;0;0;0;0;0;0;0;0;2.283590000000004;1;4.322479000000001;2;3.3620667;2;0;0;0;0;0;0;0;0;0;0;0;0;0;0;0;0;0;0;0;0;0;0;0;0;2.150295221212119;33;0;0;0;0;0;0;0;0;0;0;2.4015050000000144;4
.;3.023851820000013;10;1.653015935714286;238;0;0;3.310710198876429;623;1.9178617693963014;4274;0;0;3.3525911550239327;418;0;0;1.7146547854014607;137;1.9236639775354327;3668;0;0;2.234329189909639;664;0;0;0;0;0;0;0;0;1.6703579201994996;401;2.268566476000001;25;2.7092803809523778;21;2.402999699999994;10;0;0;0;0;0;0;2.5214420000000004;1;0;0;0;0;0;0;0;0;0;0;0;0;0;0;0;0;1.6541563417910428;67;1.6442095714285752;140;0;0;0;0;3.3241942360406083;197;1.9588009195670166;2402;3.3560770057377063;122;2.2307162099173556;363;1.9189575365443456;654;0;0;0;0;2.1912730000000007;8;0;0;3.360335327777778;18;1.917251272527468;91;3.3123309300000003;10;1.9211518210526322;19;0;0;0;0;0;0;0;0;0;0;0;0;0;0;2.5214420000000004;2;0;0;0;0;0;0;0;0;0;0;2.8483450625;8;2.196087397297298;74;0;0;0;0;0;0;0;0;1.7783754523809523;105;2.689651739999999;30;0;0;2.398559000000006;2;0;0;2.401359999999997;6;2.0412033333333284;6
/;0;0;1.6808032219512197;41;3.9493912229166646;48;3.2632949459459453;74;1.9642515731884096;414;1.44144;1;3.363853151515149;33;0;0;1.8381626666666666;3;1.8951291876712364;292;0;0;2.22104600952381;42;0.9561580000000021;1;0;0;0;0;0;0;1.677642685714286;28;0;0;0;0;0;0;0;0;0;0;0;0;0;0;0;0;0;0;0;0;0;0;0;0;0;0;0;0;0;0;1.6810288666666657;45;1.6810304374999987;8;3.96222932;15;0;0;3.1957324615384617;13;1.982019202739725;73;3.361980000000001;9;2.2036273529411736;17;1.9691898142857156;35;0;0;0;0;0;0;0;0;3.3603279999999955;1;1.68448699999999;1;0;0;0;0;0;0;0;0;0;0;0;0;0;0;0;0;0;0;0;0;0;0;0;0;0;0;0;0;3.869760199999998;5;0;0;2.1417005416666655;12;0;0;0;0;0;0;0;0;1.8014396999999998;3;0;0;0;0;0;0;0;0;0;0;2.0412900000000036;2
0;0;0;0;0;0;0;6.723967999999999;2;3.832599860123632;647;2.7617288866666665;15;0;0;0;0;3.4935968391304355;46;3.8197318006472494;927;0;0;4.423373509677414;62;2.51996;5;0;0;0;0;0;0;0;0;4.4461239999999975;2;5.537763499999997;4;0;0;0;0;0;0;0;0;0;0;0;0;0;0;0;0;0;0;0;0;0;0;0;0;0;0;3.327782178571429;14;0;0;0;0;0;0;0;0;3.8725004983783675;370;0;0;4.413684292592592;54;3.819656347389559;249;0;0;0;0;0;0;0;0;0;0;3.8423068333333337;9;0;0;3.8422799999999597;2;0;0;0;0;0;0;0;0;0;0;0;0;0;0;0;0;0;0;0;0;0;0;0;0;0;0;5.523836000000017;2;4.418745885714289;7;0;0;0;0;0;0;0;0;3.6059989333333315;30;5.523390000000002;3;0;0;0;0;0;0;0;0;4.082520000000017;2
1;6.1271999;2;3.352602731428572;70;0;0;6.677651579166668;72;3.842625228997037;3659;2.7614874820512845;39;6.716609280555554;72;0;0;3.5361389353846158;130;3.8462719009879622;2328;0;0;4.412026375338755;369;2.530037725;36;0;0;0;0;0;0;3.3599999;4;4.4402588653846085;26;5.501541636363634;11;4.923001999999995;10;0;0;0;0;0;0;0;0;0;0;0;0;0;0;0;0;0;0;2.5199599;1;0;0;0;0;3.3357286780487763;41;0;0;0;0;2.761781722222222;9;6.7113279;38;3.8572810142083296;1661;6.723972857142854;14;4.403191926562512;192;3.8317643725274766;546;0;0;2.1613131;1;4.382534999999992;4;0;0;6.720672800000001;5;3.8423044826923087;52;0;0;3.8423044000000015;4;3.3603361;1;0;0;0;0;0;0;4.4465647;1;0;0;0;0;0;0;0;0;0;0;0;0;0;0;0;0;5.427072599999994;5;4.350395632558137;43;0;0;0;0;0;0;2.5215235;4;3.599060875000004;80;5.483369333333332;9;0;0;4.797120000000007;2;0;0;4.922833000000007;6;0;0
2;5.762875000000008;4;3.3564890586956544;46;0;0;6.688721363157892;57;3.8360900483607128;2318;2.7397529181818174;11;6.6982663000000064;44;0;0;3.5440953207142853;140;3.847201854743984;1328;0;0;4.411739218320619;262;2.519959900000001;15;0;0;0;0;0;0;3.3605225;4;4.429278637500008;8;5.533488571428571;7;0;0;0;0;0;0;0;0;5.042884000000001;1;0;0;0;0;0;0;0;0;0;0;0;0;0;0;0;0;3.362087819444444;36;0;0;0;0;2.7617812333333327;3;6.714962805000002;40;3.852674004703255;893;6.723970615384611;13;4.392472808661416;127;3.8550825440944836;254;0;0;2.1613102;1;4.322513999999998;2;0;0;6.72067275;4;3.842304604000002;50;0;0;3.842302639999997;15;0;0;0;0;0;0;0;0;0;0;0;0;0;0;5.042884000000001;2;0;0;0;0;3.3603361;1;0;0;0;0;5.4432083333333265;3;4.399416269230766;26;0;0;0;0;0;0;0;0;3.59906048375;80;5.427338579999998;15;0;0;0;0;0;0;0;0;0;0
3;0;0;3.356583521428573;42;0;0;6.6411067;26;3.8367741629464525;1120;2.7348260222222223;9;0;0;0;0;3.5431378062500007;64;3.8349729520917646;741;0;0;4.400055282758624;87;2.5199599076923076;13;0;0;0;0;0;0;3.2799998999999995;12;4.417320000000004;4;5.500407750000008;4;0;0;0;0;0;0;0;0;0;0;0;0;0;0;0;0;0;0;0;0;0;0;0;0;0;0;3.2920430124999993;24;0;0;0;0;0;0;6.687941910000001;20;3.861107223044385;473;0;0;4.402567425641026;39;3.830848950318474;157;0;0;0;0;0;0;0;0;0;0;3.8214229941176523;17;0;0;3.8423080000000027;1;0;0;0;0;0;0;0;0;0;0;0;0;0;0;0;0;0;0;0;0;0;0;0;0;0;0;5.523839000000002;2;4.3962025333333346;6;0;0;0;0;0;0;0;0;3.579668925925926;27;5.463360000000002;6;0;0;0;0;0;0;0;0;4.082519999999988;2
4;0;0;3.4245252699999993;20;0;0;6.650090590909084;22;3.8461705152380943;1155;2.7615839833333324;6;6.699600939999999;10;0;0;3.5345614222222252;18;3.848476987852766;815;0;0;4.366516461904769;84;2.5199599;5;0;0;0;0;0;0;3.2926189285714287;14;4.427742571428569;7;5.398322999999991;1;0;0;0;0;0;0;0;0;0;0;0;0;0;0;0;0;0;0;0;0;0;0;0;0;0;0;3.2300039050000002;20;0;0;0;0;2.76178005;2;6.573872433333334;12;3.8760902446691046;544;6.723970000000008;3;4.3575405;24;3.8385501104712048;191;0;0;0;0;4.322509999999994;2;0;0;0;0;3.8423030222222274;9;0;0;3.8422999999999945;2;0;0;0;0;0;0;0;0;0;0;0;0;0;0;0;0;0;0;0;0;0;0;0;0;0;0;0;0;4.370406433333334;9;0;0;0;0;0;0;0;0;3.617069125000004;8;0;0;0;0;0;0;0;0;0;0;4.0825399999999945;3
5;0;0;3.3336167333333337;15;0;0;6.619498599999983;20;3.8359096908823602;1020;2.76004;1;6.699292029411762;34;0;0;3.538852705882353;34;3.8499488155985526;827;0;0;4.405959703658541;82;2.4546508636363638;11;0;0;0;0;0;0;3.2917270999999992;14;4.420392399999997;5;0;0;0;0;0;0;0;0;0;0;0;0;0;0;0;0;0;0;0;0;0;0;0;0;0;0;0;0;3.2660255099999995;20;0;0;7.8044004;2;2.76178005;2;6.621051457142856;7;3.8675052478813403;472;6.723978999999986;6;4.40364508108108;37;3.8651647268292675;205;0;0;0;0;4.322510000000001;2;0;0;0;0;3.8275143999999957;8;0;0;3.842301000000011;3;0;0;0;0;0;0;0;0;0;0;0;0;0;0;0;0;0;0;0;0;0;0;0;0;0;0;0;0;4.376404391666664;12;0;0;0;0;0;0;0;0;3.587047437499997;16;0;0;0;0;0;0;0;0;0;0;4.082520000000045;1
6;0;0;3.3096001400000006;10;7.805631000000003;6;6.61131764444443;9;3.8384417455421804;830;2.76004;1;6.691428507142861;14;0;0;3.5678058542857163;35;3.863242946517423;804;0;0;4.378187749367091;79;2.4201599666666667;6;0;0;0;0;0;0;3.3599999;2;4.446139999999957;2;0;0;0;0;0;0;0;0;0;0;5.042892999999992;1;7.2057590000000005;1;0;0;0;0;0;0;0;0;0;0;0;0;0;0;3.3020477749999997;16;0;0;7.80440892;10;0;0;6.7239666;2;3.867457881034477;406;6.60390000000001;3;4.382554163333338;60;3.8372918973822028;191;0;0;0;0;0;0;0;0;0;0;3.8160079555555577;9;0;0;3.842302500000013;2;0;0;0;0;0;0;0;0;0;0;7.204133999999996;2;0;0;5.042892999999992;2;0;0;0;0;0;0;0;0;0;0;0;0;4.360586263636367;11;0;0;0;0;0;0;0;0;3.585495655172418;29;0;0;0;0;0;0;0;0;0;0;4.082519999999988;2
7;0;0;3.355333388888889;9;0;0;6.578795199999997;10;3.8462475881536875;937;2.5202401;1;6.84599750000001;8;0;0;3.538903095238097;21;3.8475206716814125;565;0;0;4.417520263529416;85;2.5199599;2;0;0;0;0;0;0;3.359999899999999;8;4.446120500000006;2;5.5357698;5;4.922996400000002;5;0;0;0;0;0;0;0;0;0;0;0;0;0;0;0;0;0;0;0;0;0;0;0;0;3.3568664347826087;23;0;0;7.804399000000002;2;0;0;0;0;3.874832573715413;506;0;0;4.380606241935489;62;3.835927236121667;263;0;0;0;0;4.3225100000000225;2;0;0;0;0;3.8423063642857107;14;0;0;0;0;0;0;0;0;0;0;0;0;0;0;0;0;0;0;0;0;0;0;0;0;0;0;0;0;0;0;5.4028804999999736;2;4.401517735714285;14;0;0;0;0;0;0;0;0;3.602064111111111;9;5.403320000000008;3;0;0;4.797125999999992;1;0;0;4.922828999999993;3;0;0
8;0;0;0;0;7.8338844826087035;69;6.6977147142857145;7;3.837460742736079;826;2.5202401;1;6.707999959999986;5;0;0;3.4998756233333332;30;3.8366860983439524;785;0;0;4.383494948514863;101;2.5199599;2;0;0;0;0;0;0;0;0;0;0;0;0;5.04289;2;0;0;0;0;0;0;0;0;0;0;0;0;0;0;0;0;0;0;0;0;0;0;0;0;3.3620847499999997;12;0;0;7.80440928;15;0;0;0;0;3.865226273230766;325;0;0;4.371729226229504;61;3.815853780645158;186;0;0;0;0;0;0;0;0;0;0;3.842309624999996;8;0;0;0;0;0;0;0;0;0;0;0;0;0;0;0;0;0;0;0;0;0;0;0;0;0;0;0;0;7.782826511111111;9;0;0;4.3174956333333325;9;0;0;0;0;0;0;0;0;3.577044958333328;24;0;0;0;0;0;0;0;0;0;0;4.082490000000007;4
9;0;0;0;0;0;0;6.648535000000001;8;3.8428601289052895;813;2.7614883399999997;5;0;0;0;0;3.534873779069766;43;3.845751320945947;592;0;0;4.412523694782604;115;2.5801600000000002;4;0;0;0;0;0;0;0;0;4.445446677777777;9;0;0;0;0;0;0;0;0;0;0;0;0;0;0;0;0;0;0;0;0;0;0;0;0;0;0;0;0;3.285676072727274;11;0;0;0;0;0;0;0;0;3.875317569974547;393;0;0;4.41762872597403;77;3.8371839283422466;187;0;0;0;0;0;0;0;0;0;0;3.8423027090909105;11;0;0;0;0;0;0;0;0;0;0;0;0;0;0;0;0;0;0;0;0;0;0;0;0;0;0;0;0;0;0;0;0;4.354296663157894;19;0;0;0;0;0;0;0;0;3.6064766153846155;26;0;0;0;0;0;0;0;0;0;0;4.082549999999969;2
:;0;0;1.6426658962962952;27;0;0;0;0;0;0;0;0;0;0;0;0;0;0;1.933949062500007;16;0;0;2.2608476000000053;5;0;0;0;0;0;0;0;0;2.030295750000002;92;0;0;0;0;0;0;0;0;0;0;0;0;0;0;0;0;0;0;0;0;0;0;0;0;0;0;0;0;0;0;0;0;2.035551428571426;42;0;0;0;0;0;0;2.5215190000000027;3;0;0;2.233301948571428;35;1.9625641862068974;29;0;0;0;0;0;0;0;0;0;0;0;0;0;0;0;0;0;0;0;0;0;0;0;0;0;0;0;0;0;0;0;0;0;0;0;0;0;0;0;0;0;0;0;0;2.16216;1;0;0;0;0;0;0;0;0;1.8010330000000039;1;0;0;0;0;0;0;0;0;0;0;0;0
;;0;0;0;0;0;0;0;0;0;0;0;0;0;0;0;0;1.8521950000000231;2;1.9342022727272634;22;0;0;0;0;0;0;0;0;0;0;0;0;0;0;0;0;0;0;0;0;0;0;0;0;0;0;0;0;0;0;0;0;0;0;0;0;0;0;0;0;0;0;0;0;0;0;0;0;0;0;0;0;0;0;0;0;0;0;2.281320000000008;2;1.9211580000000055;2;0;0;0;0;0;0;0;0;0;0;0;0;0;0;0;0;0;0;0;0;0;0;0;0;0;0;0;0;0;0;0;0;0;0;0;0;0;0;0;0;0;0;0;0;0;0;0;0;0;0;0;0;0;0;1.5608799999999974;1;0;0;0;0;0;0;0;0;0;0;0;0
<;0;0;0;0;0;0;0;0;0;0;0;0;0;0;0;0;0;0;0;0;0;0;0;0;0;0;0;0;0;0;0;0;0;0;0;0;0;0;0;0;0;0;0;0;0;0;0;0;0;0;0;0;0;0;0;0;0;0;0;0;0;0;0;0;0;0;0;0;0;0;0;0;0;0;0;0;0;0;0;0;0;0;0;0;0;0;0;0;0;0;0;0;0;0;0;0;0;0;0;0;0;0;0;0;0;0;0;0;0;0;0;0;0;0;0;0;0;0;0;0;0;0;0;0;0;0;0;0;0;0;0;0;0;0;0;0;0;0;0;0;0;0;0;0;0;0;0;0;0;0
=;0;0;0;0;0;0;0;0;0;0;0;0;0;0;0;0;0;0;0;0;0;0;0;0;0;0;0;0;0;0;0;0;0;0;0;0;0;0;0;0;0;0;0;0;0;0;0;0;0;0;0;0;0;0;0;0;0;0;0;0;0;0;0;0;0;0;0;0;0;0;0;0;0;0;0;0;0;0;0;0;0;0;0;0;0;0;0;0;0;0;0;0;0;0;0;0;0;0;0;0;0;0;0;0;0;0;0;0;0;0;0;0;0;0;0;0;0;0;0;0;0;0;0;0;0;0;0;0;0;0;0;0;0;0;0;0;0;0;0;0;0;0;0;0;0;0;0;0;0;0
>;0;0;0;0;0;0;0;0;0;0;0;0;0;0;0;0;0;0;0;0;0;0;0;0;0;0;0;0;0;0;0;0;0;0;0;0;0;0;0;0;0;0;0;0;0;0;0;0;0;0;0;0;0;0;0;0;0;0;0;0;0;0;0;0;0;0;0;0;0;0;0;0;0;0;0;0;0;0;0;0;0;0;0;0;0;0;0;0;0;0;0;0;0;0;0;0;0;0;0;0;0;0;0;0;0;0;0;0;0;0;0;0;0;0;0;0;0;0;0;0;0;0;0;0;0;0;0;0;0;0;0;0;0;0;0;0;0;0;0;0;0;0;0;0;0;0;0;0;0;0
?;0;0;0;0;0;0;0;0;0;0;0;0;0;0;0;0;0;0;0;0;0;0;0;0;0;0;0;0;0;0;0;0;0;0;0;0;0;0;0;0;0;0;0;0;0;0;0;0;0;0;0;0;0;0;0;0;0;0;0;0;0;0;0;0;0;0;0;0;0;0;0;0;0;0;0;0;0;0;0;0;0;0;0;0;0;0;0;0;0;0;0;0;0;0;0;0;0;0;0;0;0;0;0;0;0;0;0;0;0;0;0;0;0;0;0;0;0;0;0;0;0;0;0;0;0;0;0;0;0;0;0;0;0;0;0;0;0;0;0;0;0;0;0;0;0;0;0;0;0;0
@;0;0;0;0;0;0;0;0;0;0;0;0;0;0;0;0;0;0;0;0;0;0;0;0;0;0;0;0;0;0;0;0;0;0;0;0;0;0;0;0;0;0;0;0;0;0;0;0;0;0;0;0;0;0;0;0;0;0;0;0;0;0;0;0;0;0;0;0;0;0;0;0;0;0;0;0;0;0;0;0;0;0;0;0;0;0;0;0;0;0;0;0;0;0;0;0;0;0;0;0;0;0;0;0;0;0;0;0;0;0;0;0;0;0;0;0;0;0;0;0;0;0;0;0;0;0;0;0;0;0;0;0;0;0;0;0;0;0;0;0;0;0;0;0;0;0;0;0;0;0
A;7.297095461928922;197;3.962665666189767;1328;9.828576058823531;17;7.937085863646864;1733;4.926188657142857;14;0;0;8.363427485672167;1696;0;0;4.0823998;2;4.627767354545451;11;0;0;5.370549352941176;17;0;0;0;0;0;0;0;0;0;0;0;0;6.555267272727277;44;5.861474167500001;40;0;0;0;0;0;0;0;0;9.007202;1;0;0;0;0;0;0;0;0;0;0;0;0;7.324377066666683;45;3.958039115441183;408;0;0;9.7254921;4;0;0;7.954501579999992;310;4.968000299999995;8;8.35226871645569;474;5.28307605;8;0;0;0;0;0;0;0;0;0;0;8.052802333333334;12;4.921211;1;8.228931054054053;37;0;0;0;0;0;0;0;0;0;0;0;0;9.005173000000006;2;6.934262049999999;4;0;0;0;0;0;0;0;0;0;0;9.8414391;4;6.535199166666664;18;5.28264;2;0;0;0;0;0;0;0;0;0;0;6.498993208333338;24;0;0;5.792339899999995;8;0;0;5.868250374999993;24;0;0
B;7.156678249999999;8;3.961912820143874;278;10.080719725000002;4;8.017172417266192;139;5.004278423076922;26;0;0;8.64734945375;160;0;0;0;0;4.646224939999999;35;0;0;0;0;0;0;0;0;0;0;0;0;0;0;0;0;6.5778660642857085;14;5.880596000000002;5;0;0;0;0;0;0;0;0;0;0;0;0;0;0;0;0;0;0;0;0;0;0;0;0;3.953429559139777;93;0;0;0;0;0;0;8.0402455475;80;5.0430356666666585;6;8.610297802898554;69;0;0;4.682829766666667;9;0;0;0;0;0;0;0;0;8.040803036363641;11;0;0;8.44884368;5;0;0;0;0;0;0;0;0;0;0;0;0;0;0;0;0;0;0;0;0;0;0;0;0;0;0;10.05024;1;6.683040833333337;6;0;0;0;0;0;0;0;0;0;0;0;0;6.503999616666666;18;0;0;5.763840000000016;1;0;0;5.883360000000039;3;0;0
C;7.8433111111111105;18;4.335694139307535;491;10.081222950549428;182;8.628324832970407;643;5.082694629257647;229;0;0;8.67345945275034;709;0;0;4.561919999999986;1;5.1076654684807234;441;0;0;5.683007184615391;91;0;0;0;0;0;0;0;0;0;0;0;0;7.148863484848487;33;6.28961048148149;27;0;0;0;0;0;0;0;0;9.3633598;3;0;0;0;0;0;0;0;0;0;0;0;0;0;0;4.327252042857145;105;0;0;10.085694508771928;57;0;0;8.609785313071884;153;5.095705414035094;57;8.655489755288464;208;5.666626494444442;36;5.128013912307691;65;0;0;0;0;0;0;0;0;8.640867299999995;6;5.0465048333333336;3;8.597222600000006;11;0;0;0;0;0;0;0;0;0;0;0;0;9.3653755;2;0;0;0;0;0;0;0;0;0;0;0;0;10.05024;21;7.128000214285711;14;5.779736641176472;17;0;0;0;0;0;0;0;0;0;0;7.104367333333324;18;0;0;6.192480799999993;5;0;0;6.243582800000001;15;5.283244999999994;4
D;7.882561111111114;18;4.323278785941046;441;0;0;8.630580616265089;1162;5.0353611887234235;470;0;0;8.709154650163212;919;0;0;4.657351827272727;11;5.05402940923077;65;0;0;5.741721959999999;60;0;0;0;0;0;0;0;0;4.331999800000003;44;5.764680000000013;2;7.196093832142849;28;6.4034998999999955;10;4.7252158400000015;10;0;0;0;0;0;0;0;0;0;0;0;0;0;0;0;0;0;0;0;0;0;0;4.313568477241387;145;4.322677600000001;20;0;0;0;0;8.615503135563394;284;5.032383289349095;169;8.683729228682177;258;5.713665972413791;29;5.0430422;1;0;0;0;0;0;0;0;0;8.640864000000002;18;5.004740333333334;3;8.600912831578936;19;0;0;0;0;0;0;0;0;0;0;0;0;0;0;7.444575999999998;1;0;0;0;0;0;0;0;0;0;0;0;0;7.124543319999998;10;5.925292285714288;7;0;0;0;0;0;0;0;0;4.722718700000006;6;7.1443905;6;0;0;6.361199499999998;2;4.68267845;6;6.4236859999999965;6;0;0
E;7.259909799999998;10;3.9716128718413737;1488;0;0;7.976725139863529;1026;4.6728034084745715;59;0;0;8.013818247014894;1072;0;0;0;0;4.697491075;8;0;0;5.3948399999999985;6;0;0;0;0;0;0;0;0;0;0;0;0;6.560498315789473;19;5.846101466666671;60;0;0;0;0;0;0;0;0;0;0;0;0;0;0;0;0;0;0;0;0;0;0;0;0;3.9573422230576503;399;0;0;0;0;0;0;7.993858548095247;210;4.682828500000014;6;8.02090207375888;282;0;0;0;0;0;0;0;0;0;0;0;0;8.040803994117649;17;4.684547499999999;2;7.960795829166663;24;0;0;0;0;0;0;0;0;0;0;0;0;0;0;6.6040689999999955;2;0;0;0;0;0;0;0;0;0;0;0;0;6.602399500000004;8;5.282638499999997;2;0;0;0;0;0;0;0;0;0;0;6.5140036666666745;12;0;0;5.762321500000006;12;0;0;5.8433155;36;0;0
F;6.7233601;2;3.713999740000001;10;8.521910250000003;8;7.324180475000002;72;4.225086673684207;19;0;0;7.337247592156858;102;0;0;0;0;4.221872468181819;22;0;0;4.837400116666667;12;0;0;0;0;0;0;0;0;0;0;0;0;0;0;0;0;0;0;0;0;0;0;0;0;7.9214413000000015;1;0;0;0;0;0;0;0;0;0;0;0;0;0;0;0;0;0;0;0;0;0;0;7.324316337931036;29;4.2025455000000065;6;7.324320066666666;30;4.802791799999998;3;0;0;0;0;0;0;0;0;0;0;7.320730000000007;3;0;0;7.320731999999998;2;0;0;0;0;0;0;0;0;0;0;0;0;0;0;0;0;0;0;0;0;0;0;0;0;0;0;0;0;0;0;4.799520999999999;2;0;0;0;0;0;0;0;0;0;0;0;0;0;0;0;0;0;0;0;0;0;0
G;8.575320000000005;4;0;0;10.923123;9;9.276464656310665;103;5.429935041726622;139;0;0;9.35115127687862;173;0;0;0;0;5.436141865454542;55;0;0;6.229663333333328;6;0;0;0;0;0;0;0;0;0;0;0;0;7.755854800000014;10;6.9101998400000015;5;0;0;0;0;0;0;0;0;0;0;0;0;0;0;0;0;0;0;0;0;0;0;0;0;0;0;0;0;0;0;0;0;9.310055230769233;13;5.4212774999999995;20;9.368855408333332;36;0;0;0;0;0;0;0;0;0;0;0;0;0;0;5.401500249999998;8;9.360929999999996;4;0;0;0;0;0;0;0;0;0;0;0;0;0;0;0;0;0;0;0;0;0;0;0;0;0;0;0;0;7.820065799999997;5;6.233040000000003;1;0;0;0;0;0;0;0;0;0;0;7.724738888888895;9;0;0;6.95856;1;0;0;6.963979800000001;3;0;0
H;7.843304555555554;18;0;0;0;0;8.608818408510626;235;0;0;0;0;8.647002897685182;216;0;0;0;0;0;0;0;0;5.759326666666662;6;0;0;0;0;0;0;0;0;0;0;0;0;7.141321999999993;23;6.237899100000002;10;0;0;0;0;0;0;0;0;0;0;0;0;0;0;0;0;0;0;0;0;0;0;0;0;0;0;0;0;0;0;0;0;8.619675388235303;85;0;0;8.660759289855068;69;5.763356899999999;3;0;0;0;0;0;0;0;0;0;0;8.640861999999998;1;0;0;0;0;0;0;0;0;0;0;0;0;0;0;0;0;0;0;0;0;0;0;0;0;0;0;0;0;0;0;0;0;7.035839555555558;9;5.995440000000002;1;0;0;0;0;0;0;0;0;0;0;7.108366933333335;15;0;0;6.1195205;2;0;0;6.243584999999996;6;0;0
I;3.0273314285714243;14;1.6442135532060038;1466;3.9496450575419044;179;3.2990368191489234;1222;1.9413213088408665;509;0;0;3.4139086106787357;1105;0;0;1.700315016666665;6;1.7820217977011437;435;0;0;2.213769564864865;111;0;0;0;0;0;0;0;0;0;0;2.1627599999999916;1;2.7209987423076925;26;2.419107185185188;27;0;0;0;0;0;0;0;0;3.6043201500000004;2;0;0;0;0;0;0;0;0;0;0;0;0;0;0;1.673012220822626;389;0;0;3.96223938596491;57;0;0;3.3223647524999946;200;1.9308724933823502;136;3.3668376518382326;272;2.198767099999999;48;1.781375820895522;67;0;0;0;0;0;0;0;0;3.360337125000002;16;1.9211515999999988;5;3.266827791666664;24;1.8028202;1;0;0;0;0;0;0;0;0;2.2835871;1;3.6020664999999985;2;0;0;0;0;0;0;0;0;0;0;0;0;3.8697599999999994;21;2.7454241090909095;11;2.12724078181818;22;0;0;0;0;0;0;0;0;1.5608953;3;2.6896549999999917;15;0;0;2.5353571999999986;5;0;0;2.401379199999999;15;2.041275000000013;4
J;0;0;3.0121533506993;286;0;0;5.987769474427486;262;3.95328;2;0;0;6.740815176277383;274;0;0;0;0;3.493918039857647;281;0;0;4.04762733043478;23;0;0;0;0;0;0;0;0;0;0;0;0;5.009867428571421;7;0;0;0;0;0;0;0;0;0;0;0;0;0;0;0;0;0;0;0;0;0;0;0;0;0;0;2.9909452772727323;44;0;0;0;0;0;0;5.959523733333335;30;0;0;6.753986708333339;48;4.0223415;6;3.466441417391305;46;0;0;0;0;0;0;0;0;6.0005999999999915;3;0;0;6.720671999999998;3;3.480349999999987;2;0;0;0;0;0;0;0;0;0;0;0;0;0;0;0;0;0;0;0;0;0;0;0;0;0;0;4.798074999999983;2;4.0708799;2;0;0;0;0;0;0;0;0;0;0;0;0;0;0;0;0;0;0;0;0;0;0
K;6.958880333333354;6;3.963813141509428;689;10.080571199999994;10;7.96476101529606;608;5.030460833461539;520;0;0;8.679905564948443;582;0;0;4.3219422799999965;10;4.673521684337346;166;0;0;5.3323762925000056;40;0;0;0;0;0;0;0;0;4.331999799999999;10;0;0;6.543719499999998;8;5.880599700000005;10;0;0;0;0;0;0;0;0;0;0;0;0;0;0;0;0;0;0;0;0;0;0;0;0;3.9683360979020943;143;4.3226776;6;0;0;0;0;7.952081839130428;92;5.045008891256815;183;8.666153432467537;154;5.371815313043476;23;4.701785768421053;19;0;0;0;0;0;0;0;0;8.040810000000008;3;5.046506958333329;12;8.640864769230767;13;0;0;0;0;0;0;0;0;0;0;0;0;0;0;7.2344447500000015;4;0;0;0;0;0;0;0;0;0;0;0;0;6.4814405;4;5.359199999999998;6;0;0;0;0;0;0;0;0;4.322159700000001;6;6.5440185;6;0;0;5.763829500000014;2;0;0;5.883359999999982;6;4.9230461;2
L;6.057116862275448;167;3.3519739357267926;571;0;0;6.678416360629944;254;4.20748567647059;34;0;0;7.342665789142852;350;0;0;0;0;3.84192015;2;0;0;0;0;0;0;0;0;0;0;0;0;0;0;0;0;5.564793142857141;7;4.9392050000000065;20;0;0;0;0;0;0;0;0;0;0;0;0;0;0;0;0;0;0;0;0;0;0;6.048952155555556;45;3.352793038709681;155;0;0;0;0;0;0;6.706399702439031;41;0;0;7.317720663736268;91;0;0;0;0;0;0;0;0;0;0;0;0;0;0;0;0;7.224723399999993;5;0;0;0;0;0;0;0;0;0;0;0;0;0;0;0;0;0;0;0;0;0;0;0;0;0;0;0;0;5.46336;4;0;0;0;0;0;0;0;0;0;0;0;0;5.483370666666662;9;0;0;4.920239999999978;4;0;0;4.95284015000001;12;0;0
M;8.644310000000019;2;4.929996916944813;779;0;0;9.935892383240231;179;5.886044111627911;172;0;0;9.991496911063814;235;0;0;5.436721333333331;3;5.640383900000001;10;0;0;6.601440836;25;0;0;0;0;0;0;0;0;0;0;0;0;0;0;0;0;0;0;0;0;0;0;0;0;0;0;0;0;0;0;0;0;0;0;0;0;0;0;0;0;4.912607944782605;230;0;0;0;0;0;0;9.93730804761905;42;5.8854247468750005;64;10.001691859649126;57;6.6038451;7;0;0;0;0;0;0;0;0;0;0;0;0;5.881788;5;9.960995;2;0;0;0;0;0;0;0;0;0;0;0;0;0;0;0;0;0;0;0;0;0;0;0;0;0;0;0;0;0;0;6.555120000000002;3;0;0;0;0;0;0;0;0;5.4031030000000015;3;0;0;0;0;0;0;0;0;0;0;0;0
N;7.779278571428575;14;4.3225902631855915;1331;0;0;8.618729183286677;1071;5.030633886282339;503;0;0;8.678921699999998;1096;0;0;4.6074319;5;5.025509055652186;230;0;0;5.740825183870969;31;0;0;0;0;0;0;0;0;0;0;5.761999966666669;3;7.229002881250003;16;6.3108004644444415;45;0;0;0;0;0;0;0;0;0;0;0;0;0;0;0;0;0;0;0;0;0;0;0;0;4.317333689528785;382;0;0;0;0;0;0;8.606551749999996;190;5.045443947999981;150;8.64589179273927;303;5.763356487499999;8;5.043042200000001;30;0;0;0;0;0;0;0;0;8.640864444444446;9;5.046499294117643;17;8.520852374999995;24;0;0;0;0;0;0;0;0;0;0;5.7652564;1;0;0;0;0;0;0;0;0;0;0;0;0;0;0;0;0;7.076158299999999;6;5.811299925;4;0;0;0;0;0;0;0;0;4.6826897;6;7.204425499999997;6;0;0;6.2401057888888865;9;0;0;6.323634333333338;27;0;0
O;8.616642696132594;181;4.64828294689441;966;10.922055333333333;6;9.279504997540949;1586;5.382705671841157;277;0;0;9.346614509446212;1535;0;0;4.938818842857145;7;5.415463205965916;352;0;0;6.184522275000004;28;0;0;0;0;0;0;0;0;0;0;6.255514820689655;29;7.718658055172415;29;6.777899986666662;30;0;0;0;0;0;0;6.9639802;1;0;0;0;0;0;0;0;0;0;0;0;0;0;0;8.64516860000001;45;4.665964025641024;234;0;0;0;0;0;0;9.292639706666677;285;5.397450522580642;62;9.348326639506155;405;6.190803031999999;25;5.388797454216864;83;0;0;0;0;6.243628999999999;9;0;0;9.360935000000005;1;5.4015;2;9.257142383783782;37;5.4015002;3;0;0;0;0;0;0;6.2477045;1;0;0;0;0;7.8047846;5;6.9639802;2;0;0;0;0;0;0;0;0;0;0;7.747488180000002;10;6.079920033333333;3;0;0;0;0;6.0033598;2;0;0;5.002872766666665;6;7.624686499999998;6;0;0;6.954003333333333;6;0;0;6.7638717333333425;18;5.763549999999952;2
P;7.3111318057142896;175;3.957833414071064;732;9.363826581818184;11;7.966717193706293;572;4.663667381624486;751;0;0;8.025453359498208;558;0;0;4.121711260000001;15;4.648753888738746;222;0;0;5.366186406976746;86;0;0;0;0;0;0;0;0;3.9827999800000002;10;5.39895495;16;6.479531911111114;9;5.826599820000001;15;0;0;0;0;0;0;6.0029998;1;0;0;0;0;0;0;0;0;0;0;0;0;0;0;7.324380399999996;45;3.955178454924251;264;3.96246865;6;0;0;0;0;7.975291152941184;102;4.696170645502638;189;8.022579800000006;130;5.384181818421052;38;4.682827400000003;9;0;0;0;0;5.403133400000001;7;0;0;0;0;4.665801600000022;13;7.972225214285706;14;0;0;0;0;0;0;0;0;0;0;0;0;0;0;6.6040689999999955;1;6.0029998;2;0;0;0;0;0;0;0;0;0;0;6.602399500000004;4;5.3592045;9;0;0;0;0;5.28264;1;0;0;4.250247099999998;5;6.483981000000001;6;0;0;5.839840666666667;3;0;0;5.843212133333334;9;0;0
Q;0;0;0;0;0;0;0;0;0;0;0;0;0;0;0;0;0;0;0;0;0;0;0;0;0;0;0;0;0;0;0;0;0;0;0;0;0;0;0;0;0;0;0;0;0;0;0;0;0;0;0;0;0;0;0;0;0;0;0;0;0;0;0;0;0;0;0;0;0;0;0;0;0;0;0;0;0;0;0;0;0;0;0;0;0;0;0;0;0;0;0;0;0;0;0;0;0;0;0;0;0;0;0;0;0;0;0;0;0;0;0;0;0;0;0;0;0;0;0;0;0;0;0;0;0;0;0;0;0;0;0;0;0;0;0;0;0;0;0;0;0;0;0;0;0;0;0;0;0;0
R;7.674625062500002;16;4.320682092167832;715;10.07998;3;8.630282206445319;512;5.036075367688038;359;0;0;8.67996773373494;498;0;0;4.5126700599999925;5;4.996807292857147;42;0;0;5.710268727272726;22;0;0;0;0;0;0;0;0;0;0;0;0;7.138532040000001;25;6.3211485350000025;20;0;0;0;0;0;0;0;0;0;0;0;0;0;0;0;0;0;0;0;0;0;0;0;0;4.312921687500006;160;0;0;10.085694000000004;2;0;0;8.618905818181814;110;5.059747386956521;115;8.658133460465118;129;5.730603454545454;11;5.069723444444438;9;0;0;0;0;0;0;0;0;8.640864333333331;6;5.046504666666667;3;8.560858499999995;6;0;0;0;0;0;0;0;0;0;0;0;0;9.365378999999997;2;7.204428333333336;3;0;0;0;0;0;0;0;0;0;0;0;0;6.999185727272725;11;5.913586666666656;3;0;0;0;0;0;0;0;0;4.53260495;4;7.108369179999995;15;0;0;6.240359750000012;4;0;0;6.333636149999994;12;0;0
S;7.08215557;10;3.9721708978768464;471;9.361560339999999;10;7.964652260147064;680;4.661971019736835;380;0;0;8.016605517226877;476;0;0;4.3221598;2;4.614264248207166;251;0;0;5.345618249295778;71;0;0;0;0;0;0;0;0;3.9740305478260862;92;0;0;6.543718926086956;23;5.933699349999997;20;0;0;0;0;0;0;0;0;0;0;0;0;0;0;0;0;0;0;0;0;0;0;0;0;3.9568302867187546;128;3.956736266666668;42;0;0;0;0;7.9751732411214915;107;4.684796586885247;61;8.025247876068361;117;5.329553648387099;31;4.544967796296298;27;0;0;0;0;0;0;0;0;8.04080690909091;11;4.684548428571429;7;7.980799250000004;8;0;0;0;0;0;0;0;0;0;0;0;0;0;0;6.6040570000000045;2;0;0;0;0;0;0;0;0;0;0;0;0;6.588960044444448;9;5.2808799888888895;9;0;0;0;0;0;0;0;0;4.3221598;1;6.514002000000005;12;0;0;5.823120500000005;4;0;0;5.943194499999996;12;0;0
T;6.783310314136113;191;3.6780141101398667;286;8.52288839240505;79;7.380325010000008;950;4.22824695488372;215;0;0;7.388302411750888;851;0;0;0;0;4.354806294285713;280;0;0;4.878170753448277;58;0;0;0;0;0;0;0;0;0;0;0;0;6.1759466149999955;40;5.29043354761905;42;0;0;0;0;0;0;0;0;7.918559999999999;1;0;0;0;0;0;0;0;0;0;0;0;0;6.8440917777777734;45;3.7112555657894726;76;0;0;8.524809454545453;33;0;0;7.355825340425528;141;4.253274497183102;71;7.363596529906551;214;4.8590049255319165;47;4.336577441860467;43;0;0;0;0;0;0;0;0;7.4407423999999995;5;4.2042600000000006;3;7.320733466666669;15;0;0;0;0;0;0;0;0;0;0;0;0;7.924551;2;6.243836000000002;1;0;0;0;0;0;0;0;0;0;0;0;0;6.126400916666669;18;5.029198275000002;8;0;0;0;0;0;0;0;0;0;0;6.159783866666666;30;0;0;5.3990443749999955;8;0;0;5.298028375000001;24;4.4427499999999895;4
U;7.8433100000000024;18;4.319588977517994;556;0;0;8.581830862132337;272;5.032072750295858;169;0;0;8.648353001699721;353;0;0;4.536588790909085;11;5.003483771739133;46;0;0;5.752832653225811;62;0;0;0;0;0;0;0;0;0;0;5.764690000000016;2;7.161236533333328;15;6.403500249999996;20;0;0;0;0;0;0;0;0;0;0;0;0;0;0;0;0;0;0;0;0;0;0;0;0;4.313835786764711;136;0;0;0;0;0;0;8.578795608955225;67;5.037584198484846;66;8.623967066400002;125;5.763348380645157;31;0;0;0;0;0;0;0;0;0;0;0;0;5.046509166666652;6;8.480849877777779;9;0;0;0;0;0;0;0;0;0;0;0;0;0;0;0;0;0;0;0;0;0;0;0;0;0;0;0;0;7.076156666666672;6;5.811299700000001;4;0;0;0;0;0;0;0;0;4.682691199999999;5;7.124380000000006;9;0;0;6.361197750000002;4;0;0;6.4236912500000045;12;0;0
V;0;0;0;0;0;0;0;0;0;0;0;0;0;0;0;0;4.082390000000004;1;4.6933617499999984;6;0;0;0;0;0;0;0;0;0;0;0;0;0;0;0;0;0;0;0;0;0;0;0;0;0;0;0;0;0;0;0;0;0;0;0;0;0;0;0;0;0;0;0;0;0;0;0;0;0;0;0;0;0;0;0;0;0;0;0;0;0;0;0;0;0;0;0;0;0;0;0;0;0;0;0;0;0;0;0;0;0;0;0;0;0;0;0;0;0;0;0;0;0;0;0;0;0;0;0;0;0;0;0;0;0;0;0;0;0;0;0;0;0;0;0;0;0;0;0;0;0;0;0;0;0;0;0;0;0;0
W;10.656360000000006;8;5.983258801123598;623;13.198187749999995;4;11.720559370562736;693;6.609680833333342;297;0;0;11.406447827151055;523;0;0;6.3886440900000006;10;6.905027568062831;382;0;0;7.811078777083337;48;0;0;0;0;0;0;0;0;0;0;0;0;9.758807385;20;8.822077399999994;25;0;0;0;0;0;0;0;0;0;0;0;0;0;0;0;0;0;0;0;0;0;0;0;0;5.9682392911330036;203;0;0;0;0;0;0;11.681727956989254;93;6.659100360655732;61;11.396728083333336;144;7.902782136363635;11;6.846034006349209;63;0;0;0;0;0;0;0;0;0;0;6.605702000000005;5;11.3208845625;16;0;0;0;0;0;0;0;0;0;0;0;0;0;0;9.36574800000001;1;0;0;0;0;0;0;0;0;0;0;0;0;9.827999000000005;8;8.030880033333332;6;0;0;0;0;0;0;0;0;6.36365146666667;6;9.725975333333334;9;0;0;8.8737572;5;0;0;8.765144200000005;15;0;0
X;0;0;0;0;0;0;0;0;0;0;0;0;0;0;0;0;0;0;0;0;0;0;0;0;0;0;0;0;0;0;0;0;0;0;0;0;0;0;0;0;0;0;0;0;0;0;0;0;0;0;0;0;0;0;0;0;0;0;0;0;0;0;7.369739222222214;45;0;0;0;0;0;0;0;0;0;0;0;0;0;0;0;0;0;0;0;0;0;0;0;0;0;0;0;0;0;0;0;0;0;0;0;0;0;0;0;0;0;0;0;0;0;0;0;0;0;0;0;0;0;0;0;0;0;0;0;0;0;0;0;0;0;0;0;0;0;0;0;0;0;0;0;0;0;0;0;0;0;0;0;0;0;0
Y;7.1980791923076834;26;3.9387364706766914;798;0;0;7.89140095373665;562;0;0;0;0;7.930136644420122;457;0;0;0;0;0;0;0;0;0;0;0;0;0;0;0;0;0;0;0;0;0;0;6.45171084285714;42;5.7225632000000015;25;0;0;0;0;0;0;0;0;0;0;0;0;0;0;0;0;0;0;0;0;0;0;0;0;3.9548719599999904;285;0;0;0;0;0;0;7.905376316666675;168;0;0;7.934044192907801;141;0;0;0;0;0;0;0;0;0;0;0;0;7.920791666666673;6;0;0;7.812782500000004;4;0;0;0;0;0;0;0;0;0;0;0;0;0;0;0;0;0;0;0;0;0;0;0;0;0;0;0;0;6.626591590000002;20;0;0;0;0;0;0;0;0;0;0;0;0;6.435958466666673;30;0;0;5.858684800000003;5;0;0;5.763300999999998;15;0;0
Z;6.560519750000002;20;3.6905998229979473;487;8.522282000000002;3;7.280931021018445;923;4.229613671093743;128;0;0;7.359148776676382;686;0;0;3.9982800333333337;6;4.2143746458715645;109;0;0;4.910085065000002;20;0;0;0;0;0;0;0;0;0;0;4.9204798;2;6.095173365517239;29;5.284665986206896;29;0;0;0;0;0;0;5.5231652;1;0;0;0;0;0;0;0;0;0;0;0;0;0;0;0;0;3.714192481081081;74;0;0;0;0;0;0;7.272614560583932;137;4.198896575757577;33;7.345073893827171;162;4.909523744444446;9;0;0;0;0;0;0;0;0;0;0;7.320733199999987;5;4.2042603;1;7.2140513333333285;9;0;0;0;0;0;0;0;0;0;0;0;0;0;0;6.2038066;3;5.5231652;2;0;0;0;0;0;0;0;0;0;0;6.0307198;14;4.952640066666667;3;0;0;0;0;0;0;0;0;3.9622736;2;6.08945514285714;21;0;0;5.1856316;5;0;0;5.283023533333335;18;0;0
[;0;0;0;0;0;0;0;0;0;0;0;0;0;0;0;0;0;0;0;0;0;0;0;0;0;0;0;0;0;0;0;0;0;0;0;0;0;0;0;0;0;0;0;0;0;0;0;0;0;0;0;0;0;0;0;0;0;0;0;0;0;0;0;0;0;0;0;0;0;0;0;0;0;0;0;0;0;0;0;0;0;0;0;0;0;0;0;0;0;0;0;0;0;0;0;0;0;0;0;0;0;0;0;0;0;0;0;0;0;0;0;0;0;0;0;0;0;0;0;0;0;0;0;0;0;0;0;0;0;0;0;0;0;0;0;0;0;0;0;0;0;0;0;0;0;0;0;0;0;0
\;0;0;0;0;0;0;0;0;0;0;0;0;0;0;0;0;0;0;0;0;0;0;0;0;0;0;0;0;0;0;0;0;0;0;0;0;0;0;0;0;0;0;0;0;0;0;0;0;0;0;0;0;0;0;0;0;0;0;0;0;0;0;0;0;0;0;0;0;0;0;0;0;0;0;0;0;0;0;0;0;0;0;0;0;0;0;0;0;0;0;0;0;0;0;0;0;0;0;0;0;0;0;0;0;0;0;0;0;0;0;0;0;0;0;0;0;0;0;0;0;0;0;0;0;0;0;0;0;0;0;0;0;0;0;0;0;0;0;0;0;0;0;0;0;0;0;0;0;0;0
];0;0;0;0;0;0;0;0;0;0;0;0;0;0;0;0;0;0;0;0;0;0;0;0;0;0;0;0;0;0;0;0;0;0;0;0;0;0;0;0;0;0;0;0;0;0;0;0;0;0;0;0;0;0;0;0;0;0;0;0;0;0;0;0;0;0;0;0;0;0;0;0;0;0;0;0;0;0;0;0;0;0;0;0;0;0;0;0;0;0;0;0;0;0;0;0;0;0;0;0;0;0;0;0;0;0;0;0;0;0;0;0;0;0;0;0;0;0;0;0;0;0;0;0;0;0;0;0;0;0;0;0;0;0;0;0;0;0;0;0;0;0;0;0;0;0;0;0;0;0
^;0;0;0;0;0;0;0;0;0;0;0;0;0;0;0;0;0;0;0;0;0;0;0;0;0;0;0;0;0;0;0;0;0;0;0;0;0;0;0;0;0;0;0;0;0;0;0;0;0;0;0;0;0;0;0;0;0;0;0;0;0;0;0;0;0;0;0;0;0;0;0;0;0;0;0;0;0;0;0;0;0;0;0;0;0;0;0;0;0;0;0;0;0;0;0;0;0;0;0;0;0;0;0;0;0;0;0;0;0;0;0;0;0;0;0;0;0;0;0;0;0;0;0;0;0;0;0;0;0;0;0;0;0;0;0;0;0;0;0;0;0;0;0;0;0;0;0;0;0;0
_;0;0;0;0;0;0;0;0;0;0;0;0;0;0;0;0;0;0;0;0;0;0;0;0;0;0;0;0;0;0;0;0;0;0;0;0;0;0;0;0;0;0;0;0;0;0;0;0;0;0;0;0;0;0;0;0;0;0;0;0;0;0;0;0;0;0;0;0;0;0;0;0;0;0;0;0;0;0;0;0;0;0;0;0;0;0;0;0;0;0;0;0;0;0;0;0;0;0;0;0;0;0;0;0;0;0;0;0;0;0;0;0;0;0;0;0;0;0;0;0;0;0;0;0;0;0;0;0;0;0;0;0;0;0;0;0;0;0;0;0;0;0;0;0;0;0;0;0;0;0
`;0;0;0;0;0;0;0;0;0;0;0;0;0;0;0;0;0;0;0;0;0;0;0;0;0;0;0;0;0;0;0;0;0;0;0;0;0;0;0;0;0;0;0;0;0;0;0;0;0;0;0;0;0;0;0;0;0;0;0;0;0;0;0;0;0;0;0;0;0;0;0;0;0;0;0;0;0;0;0;0;0;0;0;0;0;0;0;0;0;0;0;0;0;0;0;0;0;0;0;0;0;0;0;0;0;0;0;0;0;0;0;0;0;0;0;0;0;0;0;0;0;0;0;0;0;0;0;0;0;0;0;0;0;0;0;0;0;0;0;0;0;0;0;0;0;0;0;0;0;0
a;0;0;3.3396297086419797;81;0;0;6.7199998999999995;1;4.1086025030665825;16370;0;0;6.712616593749994;32;5.516584102222222;45;3.529117291273588;848;3.842545477808155;9508;0;0;4.40943526692149;2878;0;0;0;0;0;0;0;0;3.3340944879668073;482;4.462673740000002;125;5.489949660000002;10;5.038136479999997;10;3.60115207;10;0;0;0;0;4.9211354599999995;5;0;0;0;0;0;0;3.5970149000000005;32;0;0;0;0;0;0;0;0;3.2962418806451588;31;3.350567039393934;198;0;0;0;0;6.7239737;1;3.8579485882353004;4879;6.723977533333334;9;4.400057819489555;1293;3.8316203230166477;1021;0;0;0;0;4.377937923076922;39;0;0;0;0;13.61594920971428;175;0;0;3.842305888095237;42;0;0;0;0;0;0;4.446564000000002;1;4.44656518571429;14;0;0;5.5233981952381;42;5.04289;6;0;0;0;0;0;0;0;0;0;0;5.443200888888896;9;4.233934373539523;291;0;0;0;0;4.5539999999999985;3;0;0;3.559215829700851;468;5.427336339999999;15;0;0;5.043358350000002;2;3.602060100000001;6;0;0;4.081786199999999;10
b;0;0;0;0;0;0;0;0;4.216480982385056;1283;0;0;7.356663692307683;13;6.125396000000009;2;3.5008338423076917;78;3.8412819849358972;936;0;0;4.399940776865672;268;2.521679000000004;8;0;0;0;0;0;0;0;0;4.928946057142858;35;5.53775490000001;2;0;0;0;0;0;0;0;0;5.5187577999999995;1;0;0;0;0;0;0;0;0;0;0;0;0;0;0;0;0;3.3220653333333323;3;0;0;0;0;0;0;0;0;4.2151235805676865;458;7.324319999999996;6;4.395686020312494;128;3.813137357638892;144;0;0;0;0;4.901046545454545;11;0;0;0;0;4.152051000000001;14;0;0;3.8423000000000136;3;0;0;0;0;0;0;4.920971499999999;1;4.4465659999999945;3;0;0;6.1237684999999935;8;5.523154800000001;2;0;0;0;0;0;0;0;0;0;0;5.281924999999987;2;4.422328592592596;27;0;0;0;0;5.029200166666667;3;0;0;3.5256567545454542;44;5.523401666666655;6;0;0;0;0;0;0;0;0;4.082523999999999;2
c;0;0;3.0;21;0;0;0;0;3.863579629223218;6707;0;0;6.715275454545466;11;5.527801263157893;19;3.2352601178683407;319;3.528026927358502;3498;0;0;4.027603037831513;1282;0;0;0;0;0;0;0;0;3.360399644160581;274;4.480552504615387;65;4.942642749999997;4;4.562616000000002;2;3.5467809485714286;35;0;0;0;0;5.0428999999999995;1;0;0;0;0;0;0;3.23639945;16;0;0;0;0;0;0;0;0;2.933252285714287;7;3.365521214285711;140;0;0;0;0;0;0;3.8786493385281418;2079;6.72396999999999;3;4.026092664453124;512;3.5053292129629576;486;0;0;0;0;4.392240335483869;31;0;0;0;0;3.8314882397058834;68;0;0;3.4729513500000007;16;0;0;0;0;0;0;0;0;4.084732777777775;9;0;0;5.523391802631581;38;5.0428999999999995;2;0;0;0;0;0;0;0;0;0;0;4.919039500000011;4;4.152528598684206;152;0;0;0;0;4.316400000000001;2;0;0;3.2534219302752283;218;4.953033999999999;12;0;0;0;0;3.6020597142857134;21;0;0;3.722304999999994;10
d;0;0;3.345899806666665;60;0;0;0;0;4.232403889108252;7648;0;0;7.327200399999995;5;6.110351799999999;30;3.5338159305623518;409;3.856457083922327;4584;0;0;4.408210406425051;1214;0;0;0;0;0;0;0;0;3.7182689932394406;355;4.92235035813954;43;5.490949299999994;10;4.982946500000001;4;4.047911899999998;30;0;0;0;0;5.340083499999997;2;0;0;0;0;0;0;4.122060250000002;8;0;0;0;0;0;0;0;0;3.3251432615384626;13;3.7194027765060262;166;0;0;0;0;0;0;4.238229559764721;2550;7.32432;2;4.406627787725047;611;3.8454900445833364;720;0;0;0;0;4.952893724999997;8;0;0;0;0;4.192609282432427;74;0;0;3.834413746666667;15;0;0;0;0;0;0;0;0;4.4465658571428515;7;0;0;6.123757729729724;37;5.523168999999999;2;0;0;0;0;0;0;0;0;0;0;5.470080444444439;9;4.457911554411762;136;0;0;0;0;0;0;0;0;3.575367643621398;243;5.471935857142862;21;0;0;5.043362000000002;1;4.042315566666667;18;0;0;4.082524750000005;8
e;0;0;3.355714990476187;105;0;0;6.720001999999994;1;3.8425284807072706;8936;0;0;0;0;5.527799999999997;7;3.5409560150976853;563;3.8590056919797964;7319;0;0;4.40380823754789;1827;2.398560249999999;32;0;0;0;0;0;0;3.353312614370071;508;4.46962865299145;117;5.537759499999993;2;5.042884000000001;2;3.6028795999999987;5;0;0;0;0;5.042897750000002;4;0;0;0;0;0;0;0;0;0;0;0;0;0;0;0;0;3.3080551099999993;20;3.3429184815126107;238;0;0;0;0;6.723976;1;3.849939606901673;2695;0;0;4.398176179638569;830;3.833048984162311;764;0;0;0;0;4.377102806818187;44;0;0;0;0;3.8379760243902483;82;0;0;3.833718759999999;25;0;0;0;0;0;0;4.446566000000004;1;4.446563714285711;7;0;0;5.5233915714285695;14;5.042893950000001;8;0;0;0;0;0;0;0;0;0;0;5.402878999999999;2;4.203793364454976;211;0;0;0;0;4.316400399999998;5;0;0;3.5645901234666737;375;5.5233941999999985;6;0;0;0;0;3.6020579999999995;3;0;0;4.081599375;16
f;0;0;0;0;0;0;0;0;2.303897093181817;484;0;0;0;0;0;0;1.6054221249999907;8;1.9263458000000016;97;0;0;2.2539596937499966;16;0;0;0;0;0;0;0;0;2.0383283018867986;53;0;0;0;0;0;0;0;0;0;0;0;0;3.001720000000006;1;0;0;0;0;0;0;0;0;0;0;0;0;0;0;0;0;0;0;2.0412671428571394;14;0;0;0;0;0;0;2.2904748681818172;132;0;0;2.2513045000000034;8;1.801090000000002;3;0;0;0;0;0;0;0;0;0;0;2.2831076666666674;3;0;0;0;0;0;0;0;0;0;0;0;0;0;0;0;0;0;0;3.001720000000006;2;0;0;0;0;0;0;0;0;0;0;0;0;0;0;0;0;0;0;0;0;0;0;1.7773446000000022;5;0;0;0;0;0;0;0;0;0;0;0;0
g;0;0;3.347828047018371;436;0;0;0;0;4.221290428278685;1220;0;0;0;0;6.12539666666666;3;3.540815815555549;90;3.8580570844052944;1135;0;0;4.401013655017305;289;0;0;0;0;0;0;0;0;3.697692224137941;116;4.912439950000007;2;5.468039999999974;2;0;0;0;0;0;0;0;0;5.523164799999999;1;0;0;0;0;0;0;0;0;0;0;0;0;0;0;0;0;3.345178461971828;142;3.7165704761904745;42;0;0;0;0;0;0;4.221932687179483;390;0;0;4.389222833333334;117;3.8273118215909054;88;0;0;0;0;0;0;0;0;0;0;4.204259672727269;11;0;0;3.8423080000000027;1;0;0;0;0;0;0;0;0;4.446559999999977;1;0;0;6.12375916666667;6;5.523164799999998;2;0;0;0;0;3.3603361;1;0;0;0;0;5.281919999999985;2;4.494599;24;0;0;0;0;0;0;0;0;3.5698856802816925;71;5.463359999999994;6;0;0;0;0;0;0;0;0;4.082527499999998;4
h;0;0;0;0;0;0;0;0;4.247498389599458;2721;0;0;0;0;6.12029828571428;14;3.4723425092105256;76;3.8426212245341644;966;0;0;4.380420766111123;360;0;0;0;0;0;0;0;0;3.6000000681818207;132;5.005290838709679;31;5.468043999999992;2;0;0;3.974472700000002;30;0;0;0;0;0;0;0;0;0;0;0;0;0;0;0;0;0;0;0;0;0;0;3.3020484999999997;4;3.6022220113636383;88;0;0;0;0;0;0;4.225355277415855;921;0;0;4.374240547445257;137;3.8350924277108445;166;0;0;0;0;4.869508666666664;18;0;0;0;0;4.181056761904761;21;0;0;3.842304999999996;2;0;0;0;0;0;0;0;0;4.446559999999991;1;0;0;6.12377864285714;28;0;0;0;0;0;0;0;0;0;0;0;0;5.40287099999999;2;4.39559931111111;45;0;0;0;0;0;0;0;0;3.4987505976744173;43;5.463357500000001;6;0;0;0;0;3.979422999999998;21;0;0;4.082523499999979;4
i;0;0;1.427000186274513;102;0;0;2.664002;1;1.9328695900714015;10082;0;0;3.3145472727272765;11;2.7529372727272774;11;1.4505137134328365;603;1.5731278879052775;8235;0;0;1.7549635041976592;1882;1.0619102500000013;16;0;0;0;0;0;0;1.6333436125858116;437;2.298075290977442;133;2.131434999999996;4;2.0411710000000056;4;1.79798392;10;0;0;0;0;2.521438200000003;5;0;0;0;0;0;0;1.684320199999999;8;0;0;0;0;0;0;0;0;1.389435232142858;28;1.6587373714285707;210;0;0;0;0;0;0;1.9374451440249314;2728;3.361970000000023;3;1.7593675064150942;795;1.5577978530261953;1107;0;0;0;0;2.2628471897435887;39;0;0;0;0;1.8956296710526321;76;0;0;1.54229076666667;21;0;0;0;0;0;0;2.283587999999998;1;1.8011362499999883;8;0;0;2.7616947999999972;20;2.521437340000001;10;0;0;0;0;0;0;0;0;0;0;2.273037500000001;4;1.8275274741379335;232;0;0;0;0;2.391840625;8;0;0;1.526589412087912;364;2.1613214999999975;6;0;0;0;0;1.8014400999999995;6;0;0;1.560974399999992;10
j;0;0;1.1999994761904778;42;0;0;0;0;2.4617586586699534;2030;0;0;0;0;0;0;1.405758649305555;144;1.5684844123244337;2207;0;0;1.7527366027600848;471;0;0;0;0;0;0;0;0;1.685498055248617;181;2.1824700914285713;35;2.2161009999999948;2;0;0;0;0;0;0;0;0;2.5258309999999966;2;0;0;0;0;0;0;0;0;0;0;0;0;0;0;0;0;1.1707300000000012;16;1.6753182857142928;84;0;0;0;0;0;0;1.9273888491701208;482;0;0;1.7747781979166668;192;1.5634757227848102;237;0;0;0;0;2.161248999999999;9;0;0;0;0;16.496270166666683;30;0;0;1.5661595000000024;12;0;0;0;0;0;0;2.1629769999999997;1;1.801138999999992;1;0;0;0;0;2.521435000000001;2;0;0;0;0;0;0;0;0;0;0;2.273040000000009;2;1.8141459999999994;51;0;0;0;0;2.1621599666666675;3;0;0;1.4829235896103912;77;0;0;0;0;0;0;0;0;0;0;1.6847499999999986;6
k;0;0;2.9871110370370375;81;0;0;6.0;1;3.8537991166137653;5989;0;0;6.706798199999997;10;5.527568090909085;33;3.209769306544504;382;3.5537152360497393;5068;0;0;4.02984402908761;1107;2.280000000000001;8;0;0;0;0;0;0;3.365805146256683;374;4.48691171111111;27;5.137700999999999;6;4.523869333333337;6;3.55276807;10;0;0;0;0;4.68;2;0;0;0;0;0;0;3.4921800249999997;8;0;0;0;0;0;0;0;0;2.978776715384617;26;3.351088540853656;164;0;0;0;0;6.003547000000001;1;3.873164183829532;1713;6.723973749999999;4;4.028716739387743;490;3.581994405790967;708;0;0;0;0;4.402567450000003;12;0;0;0;0;3.83958;49;0;0;3.5999450227272747;22;0;0;0;0;0;0;0;0;4.084729666666665;6;0;0;5.523395111111107;18;0;0;0;0;0;0;0;0;0;0;0;0;4.979519999999999;4;3.964950506250001;128;0;0;0;0;0;0;0;0;3.20060398325991;227;0;0;0;0;4.5600014999999985;2;3.60205905;6;0;0;3.722316666666643;6
l;0;0;1.433998599999999;40;0;0;0;0;1.9302692194331748;3211;0;0;0;0;2.758909999999986;1;1.4202471308176101;159;1.5597912734177104;2765;0;0;1.7471356498188382;552;1.076160999999999;8;0;0;0;0;0;0;1.6575606242236025;161;2.367777849999996;20;0;0;0;0;0;0;0;0;0;0;0;0;0;0;0;0;0;0;0;0;0;0;0;0;0;0;0;0;1.3658484999999994;16;1.6775069794117736;68;0;0;0;0;0;0;1.9399915385285533;1033;0;0;1.754834552301255;239;1.5500290097251626;473;0;0;0;0;2.1612527333333347;12;0;0;0;0;1.9210137575757678;33;0;0;1.5591981538461606;13;0;0;0;0;0;0;0;0;1.8011360000000054;5;0;0;2.7616989999999983;2;0;0;0;0;0;0;0;0;0;0;0;0;0;0;1.7743615733333342;60;0;0;0;0;0;0;0;0;1.5050496220930254;86;0;0;0;0;0;0;0;0;0;0;1.5609653333333426;6
m;0;0;0;0;0;0;0;0;6.235186643568533;2651;0;0;0;0;8.884322000000012;4;5.282132011578946;190;5.871578542576231;2034;0;0;6.769513877031804;566;0;0;0;0;0;0;0;0;5.287263018867927;53;7.2199282631578985;19;0;0;0;0;0;0;0;0;0;0;8.044619999999995;1;0;0;0;0;0;0;0;0;0;0;0;0;0;0;0;0;4.802973925000001;8;5.283284999999997;14;0;0;0;0;0;0;6.241233508201065;756;0;0;6.786926323049634;282;5.8660283888412;233;0;0;0;0;7.143924999999996;4;0;0;0;0;6.24938005714286;21;0;0;5.858123399999988;5;0;0;0;0;0;0;0;0;6.842723333333329;3;0;0;8.885459749999999;8;8.044620000000002;2;0;0;0;0;0;0;0;0;0;0;0;0;6.612569123333336;60;0;0;0;0;0;0;0;0;5.352279301459857;137;0;0;0;0;0;0;0;0;0;0;6.243859999999984;4
n;0;0;3.323237079365077;63;0;0;0;0;4.227201551993192;9457;0;0;0;0;6.125397785714286;14;3.4568469333955285;536;3.8449928390749286;6032;0;0;4.411362136962588;1791;2.5216800500000005;16;0;0;0;0;0;0;3.685267644535529;366;4.931183605369129;149;5.4182466666666755;3;5.042891999999999;6;4.005936080000001;10;0;0;0;0;5.523160000000002;5;0;0;0;0;0;0;3.939359999999997;8;0;0;0;0;0;0;0;0;3.302053918750003;16;3.673866556818183;176;0;0;0;0;0;0;4.226303448359015;2986;0;0;4.409243077070056;785;3.833290755672824;758;0;0;0;0;4.888568075510207;49;0;0;0;0;4.190337887323943;71;0;0;3.842302970588231;17;0;0;0;0;0;0;4.920970999999998;2;4.446568857142856;7;0;0;6.123756285714287;28;5.523160460000002;10;0;0;0;0;0;0;0;0;0;0;5.2819203333333276;3;4.440403678260869;207;0;0;0;0;4.799518875;8;0;0;3.4611848039513693;329;5.443343333333336;9;0;0;0;0;3.962269950000001;6;0;0;4.0825200000000095;8
o;0;0;3.3363630949494985;99;0;0;6.719999999999999;1;4.380833589642112;15061;0;0;7.322639923076924;26;6.101515032258069;62;3.5347838932397893;784;3.8632297201621415;11472;0;0;4.393918144096953;2558;2.521680000000001;8;0;0;0;0;0;0;3.676231542225861;611;4.938515011320753;106;5.495263413333337;15;5.038473249999997;8;3.9711059850000003;40;0;0;0;0;5.340080866666665;6;0;0;0;0;0;0;0;0;0;0;0;0;0;0;0;0;3.307679284374998;64;3.677962738076925;260;0;0;0;0;6.723974;1;4.229378082296772;4711;7.297633466666664;9;4.38729407400177;1127;3.851285641743875;1835;0;0;0;0;4.8686487935483855;31;0;0;0;0;9.439526805454532;165;0;0;3.8386081843749995;32;0;0;0;0;0;0;0;0;4.446561333333332;15;0;0;6.123778192452836;53;5.523161733333327;6;0;0;0;0;0;0;0;0;0;0;5.483520416666669;12;4.205480249999999;304;0;0;0;0;4.79952;2;0;0;3.5695609973140514;484;5.4433453333333315;18;0;0;4.961279;3;3.9622705125000017;24;0;0;4.082521846666668;30
p;0;0;3.302919783783784;74;0;0;0;0;4.225099582066157;5866;0;0;7.327199559999997;5;6.099373768000003;25;3.5460132978527636;326;3.853290062104764;5787;0;0;4.394862412467323;1147;2.521679900000001;8;0;0;0;0;0;0;3.701469460646891;371;4.9577408000000025;40;5.524480333333333;3;5.031002000000001;2;4.0056119599999995;20;0;0;0;0;5.282999;1;0;0;0;0;0;0;0;0;0;0;0;0;0;0;0;0;3.3020507343749985;32;3.6963331432432445;148;0;0;0;0;0;0;4.229721965255154;1842;7.324321000000003;2;4.389202491071432;560;3.8378409921108787;938;0;0;0;0;4.8199561428571425;14;0;0;0;0;4.184390132727271;55;0;0;3.8423032687499976;16;0;0;0;0;0;0;0;0;4.4465637500000055;4;0;0;6.123763066666662;27;0;0;0;0;0;0;0;0;0;0;0;0;5.523840999999996;2;4.477149436090228;133;0;0;0;0;0;0;0;0;3.5808546227979288;193;0;0;0;0;4.797121000000001;1;3.9622702249999997;12;0;0;4.082523333333323;12
q;0;0;0;0;0;0;0;0;0;0;0;0;0;0;0;0;0;0;0;0;0;0;0;0;0;0;0;0;0;0;0;0;0;0;0;0;0;0;0;0;0;0;0;0;0;0;0;0;0;0;0;0;0;0;0;0;0;0;0;0;0;0;0;0;0;0;0;0;0;0;0;0;0;0;0;0;0;0;0;0;0;0;0;0;0;0;0;0;0;0;0;0;0;0;0;0;0;0;0;0;0;0;0;0;0;0;0;0;0;0;0;0;0;0;0;0;0;0;0;0;0;0;0;0;0;0;0;0;0;0;0;0;0;0;0;0;0;0;0;0;0;0;0;0;0;0;0;0;0;0
r;0;0;2.0351176953488403;43;0;0;3.9599990000000034;1;2.7422604344066466;6615;0;0;4.64284863750001;16;3.8153545434782616;23;2.073550188413103;397;2.3109952306442434;3570;0;0;2.6068435461237307;1277;1.5549595000000025;16;0;0;0;0;0;0;2.297599601095888;365;3.156476068085111;47;3.336598060000006;5;2.996999999999999;2;2.5422118449999997;20;0;0;0;0;3.4013293333333317;3;0;0;0;0;0;0;2.38553975;8;0;0;0;0;0;0;0;0;1.958138230769231;13;2.2784423524691375;162;0;0;0;0;3.9623469999999976;1;2.7675216766771595;1908;4.610723960000001;5;2.605012634453781;595;2.3114012132812456;384;0;0;0;0;3.055112133333334;18;0;0;0;0;2.7609362379310403;58;0;0;2.2746571428571394;14;0;0;0;0;0;0;0;0;2.6128894285714312;7;0;0;3.842359838095241;21;3.4819939999999967;4;0;0;0;0;0;0;0;0;0;0;3.3566425000000066;4;2.7842724236641203;131;0;0;0;0;0;0;0;0;2.10823708333333;222;3.3620605000000126;6;0;0;3.109919999999999;1;2.5214308499999993;12;0;0;2.4014826666666664;6
s;0;0;3.021714809523811;21;0;0;0;0;3.8491775437801024;6021;0;0;0;0;5.527800000000006;8;3.1762675471380497;297;3.501343045929504;3943;0;0;4.0281201737103105;1008;2.2800009999999986;8;0;0;0;0;0;0;3.3425133080459744;174;4.450742967500002;40;4.92025000000001;1;0;0;3.657960025;4;0;0;0;0;5.042884999999998;1;0;0;0;0;0;0;0;0;0;0;0;0;0;0;0;0;2.9442309519999994;25;3.346696667948715;78;0;0;0;0;0;0;3.8665980134065867;1820;0;0;4.0263955251533705;489;3.498647663188965;508;0;0;0;0;4.322519399999998;12;0;0;0;0;3.8322755050847475;59;0;0;3.4704860083333293;12;0;0;0;0;0;0;0;0;4.084732666666658;3;0;0;5.523398249999998;16;5.042884999999998;2;0;0;0;0;0;0;0;0;0;0;4.798079999999999;1;4.104409466355144;107;0;0;0;0;0;0;0;0;3.1800610616504876;206;4.923007999999996;3;0;0;0;0;3.7221279999999983;3;0;0;3.722299499999991;4
t;0;0;1.6319993666666617;60;0;0;0;0;2.310853872915078;10456;0;0;3.9816032000000035;5;3.3356589;20;1.749214241163311;447;1.9386194415074076;5546;0;0;2.2374786083783778;1480;1.3132799999999991;8;0;0;0;0;0;0;2.0143241527777835;360;2.6557537920634906;63;2.768880000000003;3;2.502002999999995;2;2.156112000000001;5;0;0;0;0;2.880147333333331;3;0;0;0;0;0;0;2.394240249999999;8;0;0;0;0;0;0;0;0;1.6319238318181801;22;2.0377394411764684;136;0;0;0;0;0;0;2.3066450165847177;3051;3.9623489999999997;2;2.231185082299544;661;1.9386297153976337;591;0;0;0;0;2.591507091666667;24;0;0;0;0;2.283036827835051;97;0;0;1.9211539916666627;24;0;0;0;0;0;0;0;0;2.283585000000002;4;0;0;3.362059294117634;17;3.0017204999999976;4;0;0;0;0;0;0;0;0;0;0;2.8728005000000003;2;2.294096907185628;167;0;0;0;0;0;0;0;0;1.757395073109246;238;0;0;0;0;2.3985600000000034;1;2.161239;3;0;0;2.041265833333332;12
u;0;0;0;0;0;0;0;0;4.257632185570448;5066;0;0;0;0;6.125403915384606;13;3.4291189253731402;268;3.8268724489690586;2716;0;0;4.383500176065579;915;0;0;0;0;0;0;0;0;3.6119989999999986;10;4.905435466666667;45;5.4331775000000135;4;0;0;0;0;0;0;0;0;5.521699000000012;3;0;0;0;0;0;0;0;0;0;0;0;0;0;0;0;0;3.348748255555556;9;3.6022255000000016;6;0;0;0;0;0;0;4.220176584974686;1777;0;0;4.383545919214882;484;3.8210976184019465;413;0;0;0;0;4.858831800000001;15;0;0;0;0;5.565778651562503;64;0;0;3.8423020285714244;7;0;0;0;0;0;0;0;0;4.446564333333337;3;0;0;6.123761269230777;26;5.523159000000002;6;0;0;0;0;0;0;0;0;0;0;5.443200000000009;3;4.365203088392854;112;0;0;0;0;4.799519999999999;2;0;0;3.4507033806060616;165;5.403323333333336;9;0;0;0;0;0;0;0;0;4.082533666666639;6
v;0;0;2.978461692307691;39;0;0;0;0;0;0;0;0;0;0;0;0;0;0;3.4799989999999994;2;0;0;0;0;0;0;0;0;0;0;0;0;3.319765956896554;116;0;0;0;0;0;0;0;0;0;0;0;0;0;0;0;0;0;0;0;0;0;0;0;0;0;0;0;0;0;0;0;0;3.3563721428571363;42;0;0;0;0;0;0;0;0;0;0;0;0;0;0;0;0;0;0;0;0;0;0;0;0;0;0;0;0;0;0;0;0;0;0;0;0;0;0;0;0;0;0;0;0;0;0;0;0;0;0;0;0;0;0;0;0;0;0;0;0;0;0;0;0;0;0;0;0;0;0;0;0;0;0;0;0;0;0;0;0;0;0
w;0;0;4.245962501886793;159;0;0;0;0;5.444874235791668;8678;0;0;9.592804000000005;5;7.908360178571432;28;4.571657988671024;459;4.963150743286375;6524;0;0;5.609791206355655;1479;0;0;0;0;0;0;0;0;4.660779899100453;667;6.382661195744678;47;7.1861411833333335;6;6.497996999999998;2;5.11649975;8;0;0;0;0;7.139066499999998;2;0;0;0;0;0;0;5.054699912500001;16;0;0;0;0;0;0;0;0;4.151654675757571;33;4.664288685915506;284;0;0;0;0;0;0;5.443084587300409;2756;9.605667000000004;2;5.601548251566947;702;4.941649184032738;977;0;0;0;0;6.339685160000002;20;0;0;0;0;5.393297726732675;101;0;0;4.921211640000001;25;0;0;0;0;0;0;0;0;5.644646500000004;8;0;0;7.924866516129031;31;7.204132000000001;2;0;0;0;0;0;0;0;0;0;0;6.955200249999997;4;5.698198718902437;164;0;0;0;0;0;0;0;0;4.645439834843203;287;7.0843519999999955;6;0;0;6.484322000000006;1;5.162974666666664;9;0;0;5.043124733333343;6
x;0;0;0;0;0;0;0;0;0;0;0;0;0;0;0;0;0;0;0;0;0;0;0;0;0;0;0;0;0;0;0;0;0;0;0;0;0;0;0;0;0;0;0;0;0;0;0;0;0;0;0;0;0;0;0;0;0;0;0;0;0;0;0;0;0;0;0;0;0;0;0;0;0;0;0;0;0;0;0;0;0;0;0;0;0;0;0;0;0;0;0;0;0;0;0;0;0;0;0;0;0;0;0;0;0;0;0;0;0;0;0;0;0;0;0;0;0;0;0;0;0;0;0;0;0;0;0;0;0;0;0;0;0;0;0;0;0;0;0;0;0;0;0;0;0;0;0;0;0;0
y;0;0;0;0;0;0;0;0;3.739122571446223;6472;0;0;0;0;5.4044076666666605;18;3.1995926840336146;357;3.2972172431204747;4557;0;0;3.921179505023183;1294;0;0;0;0;0;0;0;0;3.244875984501842;271;4.14005115681818;44;4.674565333333334;3;0;0;3.539765013999999;50;0;0;0;0;4.562604000000007;1;0;0;0;0;0;0;0;0;0;0;0;0;0;0;0;0;2.9382985941176436;17;3.253689949305562;144;0;0;0;0;0;0;3.6883490102528573;2175;0;0;3.920981316304353;552;3.302885485667226;607;0;0;0;0;4.157425275000001;16;0;0;0;0;6.81705304545454;44;0;0;3.2436835;18;0;0;0;0;0;0;0;0;3.964113571428572;7;0;0;5.403321694444447;36;4.562604000000007;2;0;0;0;0;0;0;0;0;0;0;4.919044999999997;2;3.7212598733812907;139;0;0;0;0;0;0;0;0;3.187697266808512;235;4.682864799999999;6;0;0;0;0;3.530018390000001;30;0;0;3.6022313333333122;6
z;0;0;2.96982295796052;1520;0;0;5.8800001;1;3.5090645662489726;8779;0;0;6.000446250000003;16;5.018181146153848;26;3.0638245545454583;517;3.3880024891902467;10398;0;0;3.924060151351349;2183;2.1614390000000006;8;0;0;0;0;0;0;3.033718226666666;285;4.0968257703125;64;4.784123399999989;3;4.4411592;8;3.284764220689656;29;0;0;0;0;4.442742366666667;3;0;0;0;0;0;0;3.1378002666666664;24;0;0;0;0;0;0;0;0;2.9976968230434835;920;3.0051213574324342;148;0;0;0;0;5.8834763;1;3.511696680323234;2475;6.003542880000009;5;3.9121447986402975;809;3.381967651143917;1355;0;0;0;0;4.040001647058823;17;0;0;0;0;3.4694496800000016;75;0;0;3.3585363147058835;34;0;0;0;0;0;0;0;0;3.9641163333333296;12;0;0;5.043092739285721;28;4.562613499999999;4;0;0;0;0;3.0002998999999995;7;0;0;0;0;5.0400025;4;3.9675436273437477;256;0;0;0;0;4.308479999999999;2;0;0;3.101710255520502;317;4.802938999999996;6;0;0;4.3228798;1;3.2418614333333324;18;0;0;3.4821589000000044;20
{;0;0;0;0;0;0;0;0;0;0;0;0;0;0;0;0;0;0;0;0;0;0;0;0;0;0;0;0;0;0;0;0;0;0;0;0;0;0;0;0;0;0;0;0;0;0;0;0;0;0;0;0;0;0;0;0;0;0;0;0;0;0;0;0;0;0;0;0;0;0;0;0;0;0;0;0;0;0;0;0;0;0;0;0;0;0;0;0;0;0;0;0;0;0;0;0;0;0;0;0;0;0;0;0;0;0;0;0;0;0;0;0;0;0;0;0;0;0;0;0;0;0;0;0;0;0;0;0;0;0;0;0;0;0;0;0;0;0;0;0;0;0;0;0;0;0;0;0;0;0
|;0;0;0;0;0;0;0;0;0;0;0;0;0;0;0;0;0;0;0;0;0;0;0;0;0;0;0;0;0;0;0;0;0;0;0;0;0;0;0;0;0;0;0;0;0;0;0;0;0;0;0;0;0;0;0;0;0;0;0;0;0;0;0;0;0;0;0;0;0;0;0;0;0;0;0;0;0;0;0;0;0;0;0;0;0;0;0;0;0;0;0;0;0;0;0;0;0;0;0;0;0;0;0;0;0;0;0;0;0;0;0;0;0;0;0;0;0;0;0;0;0;0;0;0;0;0;0;0;0;0;0;0;0;0;0;0;0;0;0;0;0;0;0;0;0;0;0;0;0;0
};0;0;0;0;0;0;0;0;0;0;0;0;0;0;0;0;0;0;0;0;0;0;0;0;0;0;0;0;0;0;0;0;0;0;0;0;0;0;0;0;0;0;0;0;0;0;0;0;0;0;0;0;0;0;0;0;0;0;0;0;0;0;0;0;0;0;0;0;0;0;0;0;0;0;0;0;0;0;0;0;0;0;0;0;0;0;0;0;0;0;0;0;0;0;0;0;0;0;0;0;0;0;0;0;0;0;0;0;0;0;0;0;0;0;0;0;0;0;0;0;0;0;0;0;0;0;0;0;0;0;0;0;0;0;0;0;0;0;0;0;0;0;0;0;0;0;0;0;0;0
~;0;0;0;0;0;0;0;0;0;0;0;0;0;0;0;0;0;0;0;0;0;0;0;0;0;0;0;0;0;0;0;0;0;0;0;0;0;0;0;0;0;0;0;0;0;0;0;0;0;0;0;0;0;0;0;0;0;0;0;0;0;0;0;0;0;0;0;0;0;0;0;0;0;0;0;0;0;0;0;0;0;0;0;0;0;0;0;0;0;0;0;0;0;0;0;0;0;0;0;0;0;0;0;0;0;0;0;0;0;0;0;0;0;0;0;0;0;0;0;0;0;0;0;0;0;0;0;0;0;0;0;0;0;0;0;0;0;0;0;0;0;0;0;0;0;0;0;0;0;0
;0;0;3.2420161;1;0;0;0;0;3.8574634670370487;1350;0;0;0;0;5.527805000000001;2;3.5367612021052617;95;3.847405992395689;1749;0;0;4.412989242574249;404;0;0;0;0;0;0;0;0;0;0;4.676600666666666;3;5.491282999999991;3;5.042892999999999;2;0;0;0;0;0;0;0;0;0;0;0;0;0;0;0;0;0;0;0;0;0;0;0;0;0;0;0;0;0;0;0;0;0;0;0;0;0;0;0;0;0;0;0;0;0;0;0;0;0;0;0;0;3.814996907692305;13;0;0;3.8291527777777725;9;0;0;0;0;0;0;0;0;4.446574333333321;3;0;0;0;0;0;0;0;0;0;0;0;0;0;0;0;0;5.362552999999991;3;4.17497136190476;42;0;0;0;0;0;0;0;0;0;0;0;0;0;0;0;0;0;0;0;0;4.082519999999988;2
;0;0;0;0;0;0;0;0;15.804403201183446;169;0;0;0;0;0;0;3.1777216666666686;18;3.4932022760820027;1317;0;0;3.999711070270271;111;2.1910810000000023;8;0;0;0;0;0;0;0;0;0;0;0;0;0;0;0;0;0;0;0;0;0;0;0;0;0;0;0;0;0;0;0;0;0;0;0;0;0;0;0;0;0;0;0;0;0;0;0;0;0;0;0;0;0;0;0;0;0;0;0;0;0;0;0;0;0;0;172.920128;5;0;0;3.480347374999994;8;0;0;0;0;0;0;0;0;4.084730499999999;2;0;0;0;0;0;0;0;0;0;0;0;0;0;0;0;0;0;0;4.085857347058826;17;0;0;0;0;0;0;0;0;0;0;0;0;0;0;0;0;0;0;0;0;3.7223200000000247;2
;0;0;0;0;0;0;0;0;3.847466512076581;679;0;0;0;0;0;0;3.506034690140847;71;3.8497471782445;1595;0;0;4.404334455102047;245;0;0;0;0;0;0;0;0;0;0;0;0;0;0;0;0;0;0;0;0;0;0;5.042900000000003;1;0;0;0;0;0;0;0;0;0;0;0;0;0;0;0;0;0;0;0;0;0;0;0;0;0;0;0;0;0;0;0;0;0;0;0;0;0;0;0;0;0;0;0;0;3.842301000000006;4;0;0;3.842300749999996;4;0;0;0;0;0;0;0;0;4.446561500000001;2;0;0;0;0;0;0;0;0;0;0;0;0;0;0;0;0;0;0;4.17711786551724;29;0;0;0;0;0;0;0;0;0;0;0;0;0;0;0;0;0;0;0;0;4.082520000000045;2
;0;0;1.3507802569587597;388;0;0;0;0;1.950872657293384;1803;0;0;0;0;2.758916857142862;7;1.38174593131313;99;1.564697525689565;1849;0;0;1.7633298169456104;478;0;0;0;0;0;0;0;0;1.6710049103448288;145;2.1707999999999856;1;2.1613200000000035;1;2.0411719999999995;2;1.7513279000000004;10;0;0;0;0;0;0;0;0;0;0;0;0;0;0;0;0;0;0;0;0;0;0;1.3147214739130402;138;1.677609437142858;70;0;0;0;0;0;0;1.958511143841333;479;0;0;1.7558220232876718;146;1.5587890802395223;167;0;0;0;0;0;0;0;0;0;0;1.9129913448275846;29;0;0;1.5591941250000012;8;0;0;0;0;0;0;0;0;1.8011426666666637;3;0;0;2.7616886666666765;12;0;0;0;0;0;0;1.3201323;1;0;0;0;0;2.157119999999992;1;1.8474718833333328;60;0;0;0;0;0;0;0;0;1.4481803530612252;49;2.1613159999999993;3;0;0;0;0;1.8014400000000013;6;0;0;1.5609740000000016;2
;0;0;0;0;0;0;0;0;4.224586819491521;118;0;0;0;0;0;0;3.4473583571428597;7;3.845127733495156;206;0;0;4.3692054133333365;75;0;0;0;0;0;0;0;0;0;0;0;0;0;0;0;0;0;0;0;0;0;0;0;0;0;0;0;0;0;0;0;0;0;0;0;0;0;0;0;0;0;0;0;0;0;0;0;0;0;0;0;0;0;0;0;0;0;0;0;0;0;0;0;0;0;0;0;0;4.204250000000002;1;0;0;3.7239720000000016;1;0;0;0;0;0;0;0;0;0;0;0;0;0;0;0;0;0;0;0;0;0;0;0;0;0;0;0;0;4.28245585714285;7;0;0;0;0;0;0;0;0;0;0;0;0;0;0;0;0;0;0;0;0;0;0
;0;0;0;0;0;0;0;0;4.2164166280389;1851;0;0;0;0;6.125402857142855;7;3.53357212318841;69;3.868222096345916;821;0;0;4.407008238509316;322;0;0;0;0;0;0;0;0;3.7027495227941167;136;4.898549999999994;11;0;0;0;0;4.006080266666667;15;0;0;0;0;0;0;0;0;0;0;0;0;0;0;0;0;0;0;0;0;0;0;3.3220646666666696;3;3.7222955129032265;62;0;0;0;0;0;0;4.214038903256695;522;0;0;4.393847396039601;101;3.860793907692308;65;0;0;0;0;4.802799999999991;4;0;0;0;0;4.190725777777779;18;0;0;3.8423033333333287;6;0;0;0;0;0;0;0;0;4.446560000000019;2;0;0;6.123759500000013;14;0;0;0;0;0;0;0;0;0;0;0;0;0;0;4.215420752500005;40;0;0;0;0;0;0;0;0;3.540092838709679;31;0;0;0;0;0;0;3.962269666666668;9;0;0;0;0
;0;0;0;0;0;0;0;0;3.856653086187848;724;0;0;0;0;0;0;3.167299803703701;27;3.4900465230263134;304;0;0;4.023371544230771;104;2.2799989999999966;8;0;0;0;0;0;0;0;0;4.4625076111111115;36;0;0;0;0;0;0;0;0;0;0;5.0428999999999995;1;0;0;0;0;0;0;0;0;0;0;0;0;0;0;0;0;0;0;0;0;0;0;0;0;0;0;0;0;0;0;0;0;0;0;0;0;0;0;0;0;0;0;0;0;3.814996230769228;13;0;0;3.4803459999999973;3;0;0;0;0;0;0;4.446565999999997;1;4.084719000000007;2;0;0;0;0;0;0;0;0;0;0;0;0;0;0;0;0;0;0;4.086718926666666;15;0;0;0;0;4.316400666666667;3;0;0;0;0;0;0;0;0;0;0;0;0;0;0;0;0
;0;0;0;0;0;0;0;0;3.531100990188163;744;0;0;0;0;0;0;3.076889457142861;35;3.4297107262357622;1841;0;0;3.9154466122699376;163;0;0;0;0;0;0;0;0;0;0;4.0039200000000035;3;4.800719999999998;1;0;0;0;0;0;0;0;0;4.562600000000003;1;0;0;0;0;0;0;0;0;0;0;0;0;0;0;0;0;0;0;0;0;0;0;0;0;0;0;0;0;0;0;0;0;0;0;0;0;0;0;0;0;0;0;0;0;3.4277574444444436;9;0;0;3.362022200000001;10;0;0;0;0;0;0;0;0;3.964116999999998;1;0;0;0;0;0;0;0;0;0;0;0;0;0;0;0;0;4.798078;1;4.032600062499999;24;0;0;0;0;0;0;0;0;0;0;0;0;0;0;0;0;0;0;0;0;3.4821599999999933;2
;0;0;0;0;0;0;0;0;3.4530255180180163;111;0;0;0;0;0;0;3.059024071428571;14;3.4009976140350857;57;0;0;3.9584293000000015;30;0;0;0;0;0;0;0;0;3.0307498187500013;32;4.084319999999991;2;0;0;0;0;3.2866554000000017;5;0;0;0;0;0;0;0;0;0;0;0;0;0;0;0;0;0;0;0;0;0;0;0;0;0;0;0;0;0;0;0;0;0;0;0;0;0;0;0;0;0;0;0;0;0;0;0;0;0;0;0;0;0;0;0;0;0;0;0;0;0;0;0;0;0;0;0;0;0;0;0;0;0;0;0;0;0;0;0;0;0;0;0;0;4.070878999999998;2;0;0;0;0;0;0;0;0;0;0;0;0;0;0;0;0;0;0;0;0;0;0
;0;0;3.9651339715447143;246;0;0;8.004261813580245;81;0;0;0;0;8.349785724832213;149;0;0;0;0;0;0;0;0;0;0;0;0;0;0;0;0;0;0;0;0;0;0;6.621410900000024;10;0;0;0;0;0;0;0;0;0;0;0;0;0;0;0;0;0;0;0;0;0;0;0;0;0;0;0;0;0;0;0;0;0;0;0;0;0;0;0;0;0;0;0;0;0;0;0;0;0;0;0;0;0;0;0;0;8.280834999999996;2;0;0;0;0;0;0;0;0;0;0;0;0;0;0;0;0;0;0;0;0;0;0;0;0;0;0;0;0;6.723360000000014;3;0;0;0;0;0;0;0;0;0;0;0;0;0;0;0;0;0;0;0;0;0;0;0;0
;0;0;4.315924361344537;119;0;0;8.664001999999998;18;0;0;0;0;8.664000000000016;2;0;0;0;0;0;0;0;0;0;0;0;0;0;0;0;0;0;0;0;0;0;0;0;0;0;0;0;0;0;0;0;0;0;0;0;0;0;0;0;0;0;0;0;0;0;0;0;0;0;0;0;0;0;0;0;0;0;0;0;0;0;0;0;0;0;0;0;0;0;0;0;0;0;0;0;0;0;0;0;0;0;0;0;0;0;0;0;0;0;0;0;0;0;0;0;0;0;0;0;0;0;0;0;0;0;0;0;0;0;0;0;0;0;0;0;0;0;0;0;0;0;0;0;0;0;0;0;0;0;0;0;0;0;0;0;0
;0;0;3.9585601785714317;56;0;0;7.904277826027396;146;0;0;0;0;8.027654505050501;99;0;0;0;0;0;0;0;0;0;0;0;0;0;0;0;0;0;0;0;0;0;0;0;0;0;0;0;0;0;0;0;0;0;0;0;0;0;0;0;0;0;0;0;0;0;0;0;0;0;0;0;0;0;0;0;0;0;0;0;0;0;0;0;0;0;0;0;0;0;0;0;0;0;0;0;0;0;0;0;0;8.040802;1;0;0;0;0;0;0;0;0;0;0;0;0;0;0;0;0;0;0;0;0;0;0;0;0;0;0;0;0;0;0;0;0;0;0;0;0;0;0;0;0;0;0;0;0;0;0;0;0;0;0;0;0;0;0
;6.07751833333332;12;3.3449588436893296;515;0;0;6.689583367114099;149;4.205068117647057;17;0;0;7.4044374446927375;179;0;0;0;0;0;0;0;0;0;0;0;0;0;0;0;0;0;0;0;0;0;0;5.490729222222225;18;0;0;0;0;0;0;0;0;0;0;0;0;0;0;0;0;0;0;0;0;0;0;0;0;0;0;3.3558518116883196;154;0;0;0;0;0;0;6.691216181818189;22;0;0;7.332508227272731;44;0;0;0;0;0;0;0;0;0;0;0;0;0;0;4.2042603;1;7.251220750000002;4;0;0;0;0;0;0;0;0;0;0;0;0;0;0;0;0;0;0;0;0;0;0;0;0;0;0;0;0;5.360318777777781;9;0;0;0;0;0;0;0;0;0;0;0;0;5.4753657333333345;15;0;0;0;0;0;0;0;0;0;0
;0;0;0;0;0;0;8.664003250000013;8;0;0;0;0;8.748009999999994;1;0;0;0;0;0;0;0;0;0;0;0;0;0;0;0;0;0;0;0;0;0;0;0;0;0;0;0;0;0;0;0;0;0;0;0;0;0;0;0;0;0;0;0;0;0;0;0;0;0;0;0;0;0;0;0;0;0;0;0;0;0;0;0;0;0;0;0;0;0;0;0;0;0;0;0;0;0;0;0;0;0;0;0;0;0;0;0;0;0;0;0;0;0;0;0;0;0;0;0;0;0;0;0;0;0;0;0;0;0;0;0;0;0;0;0;0;0;0;0;0;0;0;0;0;0;0;0;0;0;0;0;0;0;0;0;0
;8.279999000000004;2;4.524137386363635;44;0;0;9.291453417307695;104;0;0;0;0;9.335642327472534;91;0;0;0;0;0;0;0;0;0;0;0;0;0;0;0;0;0;0;0;0;0;0;7.605612000000002;13;0;0;0;0;0;0;0;0;0;0;0;0;0;0;0;0;0;0;0;0;0;0;0;0;0;0;0;0;0;0;0;0;0;0;9.334196826086947;23;0;0;9.333504533333318;15;0;0;0;0;0;0;0;0;0;0;0;0;9.360935000000005;1;0;0;0;0;0;0;0;0;0;0;0;0;0;0;0;0;0;0;0;0;0;0;0;0;0;0;0;0;0;0;0;0;7.519679000000001;6;0;0;0;0;0;0;0;0;0;0;0;0;7.604670033333327;9;0;0;0;0;0;0;0;0;0;0
;0;0;3.973225886363636;44;0;0;7.964141515730332;89;0;0;0;0;8.035368640476179;42;0;0;0;0;0;0;0;0;0;0;0;0;0;0;0;0;0;0;0;0;0;0;0;0;5.880585999999994;5;0;0;0;0;0;0;0;0;0;0;0;0;0;0;0;0;0;0;0;0;0;0;0;0;0;0;0;0;0;0;0;0;0;0;0;0;0;0;0;0;0;0;0;0;0;0;0;0;0;0;0;0;0;0;7.880788000000005;3;0;0;0;0;0;0;0;0;0;0;0;0;0;0;0;0;0;0;0;0;0;0;0;0;0;0;0;0;0;0;0;0;0;0;0;0;0;0;0;0;0;0;0;0;0;0;5.7638299999999845;1;0;0;0;0;0;0
;0;0;3.694040545378155;119;0;0;7.329553785714284;42;0;0;0;0;7.341236119266058;109;0;0;0;0;0;0;0;0;0;0;0;0;0;0;0;0;0;0;0;0;0;0;6.090540000000011;4;0;0;0;0;0;0;0;0;0;0;0;0;0;0;0;0;0;0;0;0;0;0;0;0;0;0;0;0;0;0;0;0;0;0;0;0;0;0;0;0;0;0;0;0;0;0;0;0;0;0;0;0;0;0;0;0;7.000696666666651;3;0;0;0;0;0;0;0;0;0;0;0;0;0;0;0;0;0;0;0;0;0;0;0;0;0;0;0;0;6.229449999999986;1;0;0;0;0;0;0;0;0;0;0;0;0;0;0;0;0;0;0;0;0;0;0;0;0
;0;0;0;0;0;0;7.331999999999994;3;0;0;0;0;0;0;0;0;0;0;0;0;0;0;0;0;0;0;0;0;0;0;0;0;0;0;0;0;5.995921499999998;4;0;0;0;0;0;0;0;0;0;0;0;0;0;0;0;0;0;0;0;0;0;0;0;0;0;0;0;0;0;0;0;0;0;0;0;0;0;0;0;0;0;0;0;0;0;0;0;0;0;0;0;0;0;0;0;0;0;0;0;0;0;0;0;0;0;0;0;0;0;0;0;0;0;0;0;0;0;0;0;0;0;0;0;0;0;0;6.229443000000003;2;0;0;0;0;0;0;0;0;0;0;0;0;0;0;0;0;0;0;0;0;0;0;0;0
;0;0;0;0;0;0;0;0;0;0;3.246503864497042;845;0;0;0;0;0;0;0;0;3.242318842452833;106;0;0;2.88048105;2;0;0;0;0;2.3996798999999998;10;0;0;0;0;0;0;0;0;0;0;4.7200799;12;0;0;0;0;0;0;0;0;1.799999999999998;59;0;0;0;0;0;0;0;0;0;0;0;0;0;0;0;0;0;0;0;0;0;0;0;0;0;0;0;0;0;0;0;0;0;0;3.0014415;2;0;0;0;0;0;0;0;0;0;0;0;0;0;0;0;0;0;0;0;0;0;0;0;0;0;0;0;0;0;0;0;0;0;0;0;0;0;0;0;0;0;0;0;0;0;0;0;0;0;0;0;0;0;0;0;0;0;0;0;0
;0;0;0;0;0;0;0;0;0;0;3.2393195862533033;12112;0;0;0;0;0;0;0;0;3.2433647797297183;1184;0;0;2.8804798062500008;16;0;0;0;0;2.399679925;120;0;0;0;0;0;0;0;0;0;0;4.696110040625;128;0;0;0;0;0;0;2.160000158333333;72;1.800000061224494;637;0;0;0;0;0;0;0;0;0;0;0;0;0;0;0;0;0;0;0;0;0;0;0;0;0;0;0;0;0;0;0;0;0;0;3.001441412500001;80;0;0;0;0;0;0;0;0;0;0;0;0;0;0;0;0;0;0;0;0;0;0;0;0;0;0;0;0;0;0;0;0;0;0;0;0;0;0;0;0;0;0;0;0;0;0;0;0;0;0;0;0;0;0;0;0;0;0;0;0
;0;0;0;0;0;0;0;0;0;0;3.2473556203592397;2171;0;0;0;0;0;0;0;0;3.255237909424083;191;0;0;2.880481500000002;2;0;0;0;0;2.399681;20;0;0;0;0;0;0;0;0;0;0;4.704911599999997;20;0;0;0;0;0;0;2.160000033333334;18;1.799999609000003;100;0;0;0;0;0;0;0;0;0;0;0;0;0;0;0;0;0;0;0;0;0;0;0;0;0;0;0;0;0;0;0;0;0;0;3.001442444444442;18;0;0;0;0;0;0;0;0;0;0;0;0;0;0;0;0;0;0;0;0;0;0;0;0;0;0;0;0;0;0;0;0;0;0;0;0;0;0;0;0;0;0;0;0;0;0;0;0;0;0;0;0;0;0;0;0;0;0;0;0
;0;0;0;0;0;0;0;0;3.6899634999999997;6;0;0;0;0;0;0;3.596401333333335;3;3.8758513750000043;16;0;0;0;0;0;0;0;0;0;0;0;0;0;0;0;0;0;0;0;0;0;0;0;0;0;0;0;0;0;0;0;0;0;0;0;0;0;0;0;0;0;0;0;0;0;0;0;0;0;0;0;0;0;0;3.7222519999999975;3;0;0;0;0;3.842323333333335;3;0;0;0;0;0;0;0;0;0;0;0;0;0;0;0;0;0;0;0;0;0;0;0;0;0;0;0;0;0;0;0;0;0;0;0;0;0;0;0;0;0;0;0;0;0;0;0;0;0;0;0;0;0;0;0;0;0;0;0;0;0;0;0;0;0;0;0;0
;0;0;0;0;0;0;0;0;3.4799999999999898;2;0;0;0;0;0;0;2.157838999999998;6;2.335769804761908;21;0;0;2.636402539130434;23;0;0;0;0;0;0;0;0;0;0;0;0;0;0;0;0;0;0;0;0;0;0;0;0;0;0;0;0;0;0;0;0;0;0;0;0;0;0;0;0;0;0;0;0;0;0;0;0;0;0;0;0;0;0;2.597874799999998;11;0;0;0;0;0;0;0;0;0;0;0;0;0;0;0;0;0;0;0;0;0;0;0;0;0;0;0;0;0;0;0;0;0;0;0;0;0;0;0;0;0;0;0;0;0;0;2.874959999999998;1;0;0;0;0;0;0;0;0;2.1612389999999984;6;0;0;0;0;0;0;0;0;0;0;0;0
;0;0;0;0;0;0;0;0;0;0;3.2709559999999946;4;0;0;0;0;0;0;0;0;0;0;0;0;2.8804799999999986;1;0;0;0;0;0;0;0;0;0;0;0;0;0;0;0;0;0;0;0;0;0;0;0;0;0;0;0;0;0;0;0;0;0;0;0;0;0;0;0;0;0;0;0;0;0;0;0;0;0;0;0;0;0;0;0;0;0;0;0;0;0;0;0;0;0;0;0;0;0;0;0;0;0;0;0;0;0;0;0;0;0;0;0;0;0;0;0;0;0;0;0;0;0;0;0;0;0;0;0;0;0;0;0;0;0;0;0;0;0;0;0;0;0;0;0;0;0;0;0;0;0;0;0;0
;0;0;0;0;0;0;0;0;3.5171200666666667;6;0;0;6.0;1;0;0;0;0;2.2620010000000015;2;0;0;2.6371192500000005;8;0;0;0;0;0;0;0;0;0;0;0;0;0;0;0;0;0;0;0;0;0;0;0;0;0;0;0;0;0;0;0;0;0;0;0;0;0;0;0;0;0;0;0;0;0;0;0;0;0;0;3.6021769999999975;3;0;0;2.572933142857148;7;0;0;0;0;0;0;0;0;0;0;0;0;0;0;0;0;0;0;0;0;0;0;0;0;0;0;0;0;0;0;0;0;0;0;0;0;0;0;0;0;0;0;0;0;0;0;0;0;0;0;0;0;0;0;0;0;0;0;0;0;0;0;0;0;0;0;0;0;0;0
;0;0;0;0;0;0;0;0;3.846006070422535;71;0;0;0;0;0;0;0;0;3.848084999999976;4;0;0;4.325529999999958;1;0;0;0;0;0;0;0;0;0;0;4.4461219999999955;2;0;0;0;0;0;0;0;0;0;0;0;0;0;0;0;0;0;0;0;0;0;0;0;0;0;0;0;0;0;0;0;0;0;0;0;0;0;0;3.8529623417721504;79;0;0;4.322520000000026;1;0;0;0;0;0;0;4.322519;2;0;0;0;0;0;0;0;0;0;0;0;0;0;0;0;0;0;0;0;0;0;0;0;0;0;0;0;0;0;0;0;0;0;0;0;0;0;0;0;0;0;0;0;0;0;0;0;0;0;0;0;0;0;0;0;0;0;0;0;0;0;0
;0;0;0;0;0;0;0;0;3.846006070422535;71;0;0;0;0;0;0;0;0;3.848084999999976;4;0;0;4.325529999999958;1;0;0;0;0;0;0;0;0;0;0;4.4461219999999955;2;0;0;0;0;0;0;0;0;0;0;0;0;0;0;0;0;0;0;0;0;0;0;0;0;0;0;0;0;0;0;0;0;0;0;0;0;0;0;3.8529623417721504;79;0;0;4.322520000000026;1;0;0;0;0;0;0;4.322519;2;0;0;0;0;0;0;0;0;0;0;0;0;0;0;0;0;0;0;0;0;0;0;0;0;0;0;0;0;0;0;0;0;0;0;0;0;0;0;0;0;0;0;0;0;0;0;0;0;0;0;0;0;0;0;0;0;0;0;0;0;0;0
